date,stock_id,stock_name,market,open,high,low,close,volume,trading_value,source,source_file,ma5,ma20,ma60,ma120,ema23,return_1d,return_5d,return_20d,return_60d,return_120d,volume_ma20,volume_ratio,high_20,high_60,high_120,low_20,low_60,low_120,distance_to_ma20_pct,distance_to_ma60_pct,distance_to_ma120_pct,distance_to_ema23_pct,distance_to_high_20_pct,distance_to_high_60_pct,distance_to_high_120_pct,distance_to_low_60_pct,distance_to_low_120_pct
20240102,2607,榮運,TWSE,32.25,33.3,31.85,31.85,7733229.0,251448400.0,TWSE_RWD_JSON_MI_INDEX,data/daily_price/daily_price_20240102.csv,,,,,,,,,,,,,,,,,,,,,,,,,,,
20240103,2607,榮運,TWSE,32.05,32.5,32.0,32.3,3543307.0,114238135.0,TWSE_RWD_JSON_MI_INDEX,data/daily_price/daily_price_20240103.csv,,,,,,1.4129,,,,,,,,,,,,,,,,,,,,,
20240104,2607,榮運,TWSE,32.55,35.5,32.35,35.5,30117696.0,1044297228.0,TWSE_RWD_JSON_MI_INDEX,data/daily_price/daily_price_20240104.csv,,,,,,9.9071,,,,,,,,,,,,,,,,,,,,,
20240105,2607,榮運,TWSE,35.45,36.1,34.3,35.8,46219495.0,1629522032.0,TWSE_RWD_JSON_MI_INDEX,data/daily_price/daily_price_20240105.csv,,,,,,0.8451,,,,,,,,,,,,,,,,,,,,,
20240108,2607,榮運,TWSE,35.8,35.8,34.2,34.6,14148565.0,489776484.0,TWSE_RWD_JSON_MI_INDEX,data/daily_price/daily_price_20240108.csv,34.01,34.01,34.01,34.01,32.6654,-3.352,,,,,20352458.4,0.6952,36.1,36.1,36.1,31.85,31.85,31.85,1.7348,1.7348,1.7348,5.9226,-4.1551,-4.1551,-4.1551,8.6342,8.6342
20240109,2607,榮運,TWSE,34.1,34.15,32.95,33.65,11184721.0,373906101.0,TWSE_RWD_JSON_MI_INDEX,data/daily_price/daily_price_20240109.csv,34.37,33.95,33.95,33.95,32.7474,-2.7457,5.6515,,,,18824502.1667,0.5942,36.1,36.1,36.1,31.85,31.85,31.85,-0.8837,-0.8837,-0.8837,2.7562,-6.7867,-6.7867,-6.7867,5.6515,5.6515
20240110,2607,榮運,TWSE,33.55,33.55,32.6,32.7,5660919.0,186021754.0,TWSE_RWD_JSON_MI_INDEX,data/daily_price/daily_price_20240110.csv,34.45,33.7714,33.7714,33.7714,32.7435,-2.8232,1.2384,,,,16943990.2857,0.3341,36.1,36.1,36.1,31.85,31.85,31.85,-3.1726,-3.1726,-3.1726,-0.1328,-9.4183,-9.4183,-9.4183,2.6688,2.6688
20240111,2607,榮運,TWSE,32.8,33.35,32.7,33.35,3829672.0,126585761.0,TWSE_RWD_JSON_MI_INDEX,data/daily_price/daily_price_20240111.csv,34.02,33.7188,33.7188,33.7188,32.794,1.9878,-6.0563,,,,15304700.5,0.2502,36.1,36.1,36.1,31.85,31.85,31.85,-1.0936,-1.0936,-1.0936,1.6954,-7.6177,-7.6177,-7.6177,4.7096,4.7096
20240112,2607,榮運,TWSE,33.65,34.0,33.25,33.4,5906125.0,198464644.0,TWSE_RWD_JSON_MI_INDEX,data/daily_price/daily_price_20240112.csv,33.54,33.6833,33.6833,33.6833,32.8445,0.1499,-6.7039,,,,14260414.3333,0.4142,36.1,36.1,36.1,31.85,31.85,31.85,-0.8412,-0.8412,-0.8412,1.6913,-7.4792,-7.4792,-7.4792,4.8666,4.8666
20240115,2607,榮運,TWSE,33.6,33.75,33.05,33.2,2601637.0,86813088.0,TWSE_RWD_JSON_MI_INDEX,data/daily_price/daily_price_20240115.csv,33.26,33.635,33.635,33.635,32.8741,-0.5988,-4.0462,,,,13094536.6,0.1987,36.1,36.1,36.1,31.85,31.85,31.85,-1.2933,-1.2933,-1.2933,0.9912,-8.0332,-8.0332,-8.0332,4.2386,4.2386
20240116,2607,榮運,TWSE,33.05,33.1,32.2,32.4,3630776.0,117939642.0,TWSE_RWD_JSON_MI_INDEX,data/daily_price/daily_price_20240116.csv,33.01,33.5227,33.5227,33.5227,32.8346,-2.4096,-3.7147,,,,12234194.7273,0.2968,36.1,36.1,36.1,31.85,31.85,31.85,-3.3492,-3.3492,-3.3492,-1.3237,-10.2493,-10.2493,-10.2493,1.7268,1.7268
20240117,2607,榮運,TWSE,32.3,32.65,32.2,32.35,2613341.0,84629673.0,TWSE_RWD_JSON_MI_INDEX,data/daily_price/daily_price_20240117.csv,32.94,33.425,33.425,33.425,32.7942,-0.1543,-1.0703,,,,11432456.9167,0.2286,36.1,36.1,36.1,31.85,31.85,31.85,-3.2162,-3.2162,-3.2162,-1.3546,-10.3878,-10.3878,-10.3878,1.5699,1.5699
20240118,2607,榮運,TWSE,32.3,32.85,32.3,32.75,1931349.0,63032503.0,TWSE_RWD_JSON_MI_INDEX,data/daily_price/daily_price_20240118.csv,32.82,33.3731,33.3731,33.3731,32.7906,1.2365,-1.7991,,,,10701602.4615,0.1805,36.1,36.1,36.1,31.85,31.85,31.85,-1.867,-1.867,-1.867,-0.1237,-9.2798,-9.2798,-9.2798,2.8257,2.8257
20240119,2607,榮運,TWSE,32.7,32.7,32.25,32.5,2663474.0,86309492.0,TWSE_RWD_JSON_MI_INDEX,data/daily_price/daily_price_20240119.csv,32.64,33.3107,33.3107,33.3107,32.7663,-0.7634,-2.6946,,,,10127450.4286,0.263,36.1,36.1,36.1,31.85,31.85,31.85,-2.4338,-2.4338,-2.4338,-0.8129,-9.9723,-9.9723,-9.9723,2.0408,2.0408
20240122,2607,榮運,TWSE,32.3,32.4,31.8,32.35,1556850.0,50119810.0,TWSE_RWD_JSON_MI_INDEX,data/daily_price/daily_price_20240122.csv,32.47,33.2467,33.2467,33.2467,32.7316,-0.4615,-2.5602,,,,9556077.0667,0.1629,36.1,36.1,36.1,31.8,31.8,31.8,-2.697,-2.697,-2.697,-1.166,-10.3878,-10.3878,-10.3878,1.7296,1.7296
20240123,2607,榮運,TWSE,32.35,32.7,32.2,32.45,1365717.0,44286718.0,TWSE_RWD_JSON_MI_INDEX,data/daily_price/daily_price_20240123.csv,32.48,33.1969,33.1969,33.1969,32.7082,0.3091,0.1543,,,,9044179.5625,0.151,36.1,36.1,36.1,31.8,31.8,31.8,-2.2498,-2.2498,-2.2498,-0.7893,-10.1108,-10.1108,-10.1108,2.044,2.044
20240124,2607,榮運,TWSE,32.45,34.15,32.4,33.8,6258978.0,210779122.0,TWSE_RWD_JSON_MI_INDEX,data/daily_price/daily_price_20240124.csv,32.77,33.2324,33.2324,33.2324,32.7992,4.1602,4.4822,,,,8880344.1765,0.7048,36.1,36.1,36.1,31.8,31.8,31.8,1.7081,1.7081,1.7081,3.0514,-6.3712,-6.3712,-6.3712,6.2893,6.2893
20240125,2607,榮運,TWSE,34.1,34.1,33.6,33.8,2082116.0,70306644.0,TWSE_RWD_JSON_MI_INDEX,data/daily_price/daily_price_20240125.csv,32.98,33.2639,33.2639,33.2639,32.8826,0.0,3.2061,,,,8502664.8333,0.2449,36.1,36.1,36.1,31.8,31.8,31.8,1.6117,1.6117,1.6117,2.79,-6.3712,-6.3712,-6.3712,6.2893,6.2893
20240126,2607,榮運,TWSE,34.0,34.1,33.65,33.95,2344156.0,79505028.0,TWSE_RWD_JSON_MI_INDEX,data/daily_price/daily_price_20240126.csv,33.27,33.3,33.3,33.3,32.9715,0.4438,4.4615,,,,8178532.7895,0.2866,36.1,36.1,36.1,31.8,31.8,31.8,1.952,1.952,1.952,2.9677,-5.9557,-5.9557,-5.9557,6.761,6.761
20240129,2607,榮運,TWSE,34.0,34.4,33.55,33.95,2179885.0,73799427.0,TWSE_RWD_JSON_MI_INDEX,data/daily_price/daily_price_20240129.csv,33.59,33.3325,33.3325,33.3325,33.0531,0.0,4.9459,,,,7878600.4,0.2767,36.1,36.1,36.1,31.8,31.8,31.8,1.8525,1.8525,1.8525,2.7136,-5.9557,-5.9557,-5.9557,6.761,6.761
20240130,2607,榮運,TWSE,34.05,34.1,33.35,33.35,2132972.0,71528869.0,TWSE_RWD_JSON_MI_INDEX,data/daily_price/daily_price_20240130.csv,33.77,33.4075,33.3333,33.3333,33.0778,-1.7673,2.7735,4.7096,,,7598587.55,0.2807,36.1,36.1,36.1,31.8,31.8,31.8,-0.1721,0.05,0.05,0.8229,-7.6177,-7.6177,-7.6177,4.8742,4.8742
20240131,2607,榮運,TWSE,33.4,33.5,33.0,33.3,1459757.0,48431288.0,TWSE_RWD_JSON_MI_INDEX,data/daily_price/daily_price_20240131.csv,33.67,33.4575,33.3318,33.3318,33.0963,-0.1499,-1.4793,3.096,,,7494410.05,0.1948,36.1,36.1,36.1,31.8,31.8,31.8,-0.4707,-0.0955,-0.0955,0.6154,-7.7562,-7.7562,-7.7562,4.717,4.717
20240201,2607,榮運,TWSE,33.5,34.0,33.5,33.6,1953061.0,65923287.0,TWSE_RWD_JSON_MI_INDEX,data/daily_price/daily_price_20240201.csv,33.63,33.3625,33.3435,33.3435,33.1383,0.9009,-0.5917,-5.3521,,,6086178.3,0.3209,36.1,36.1,36.1,31.8,31.8,31.8,0.7119,0.7693,0.7693,1.3933,-6.9252,-6.9252,-6.9252,5.6604,5.6604
20240202,2607,榮運,TWSE,33.6,33.6,32.6,32.65,3066777.0,100719915.0,TWSE_RWD_JSON_MI_INDEX,data/daily_price/daily_price_20240202.csv,33.37,33.205,33.3146,33.3146,33.0976,-2.8274,-3.8292,-8.7989,,,3928542.4,0.7806,35.8,36.1,36.1,31.8,31.8,31.8,-1.6714,-1.9949,-1.9949,-1.3524,-8.7989,-9.5568,-9.5568,2.673,2.673
20240205,2607,榮運,TWSE,32.5,32.5,32.2,32.3,1614585.0,52158590.0,TWSE_RWD_JSON_MI_INDEX,data/daily_price/daily_price_20240205.csv,33.04,33.09,33.274,33.274,33.0311,-1.072,-4.8601,-6.6474,,,3301843.4,0.489,34.4,36.1,36.1,31.8,31.8,31.8,-2.3874,-2.9272,-2.9272,-2.2135,-6.1047,-10.5263,-10.5263,1.5723,1.5723
20240215,2607,榮運,TWSE,32.25,32.3,31.85,32.0,2127099.0,68207332.0,TWSE_RWD_JSON_MI_INDEX,data/daily_price/daily_price_20240215.csv,32.77,33.0075,33.225,33.225,32.9452,-0.9288,-4.048,-4.9034,,,2848962.3,0.7466,34.4,36.1,36.1,31.8,31.8,31.8,-3.0523,-3.687,-3.687,-2.869,-6.9767,-11.3573,-11.3573,0.6289,0.6289
20240216,2607,榮運,TWSE,32.45,32.55,32.1,32.25,1472040.0,47463188.0,TWSE_RWD_JSON_MI_INDEX,data/daily_price/daily_price_20240216.csv,32.56,32.985,33.1889,33.1889,32.8873,0.7812,-3.1532,-1.3761,,,2639518.35,0.5577,34.4,36.1,36.1,31.8,31.8,31.8,-2.2283,-2.8289,-2.8289,-1.9377,-6.25,-10.6648,-10.6648,1.4151,1.4151
20240219,2607,榮運,TWSE,32.35,32.8,32.25,32.8,1447159.0,47107316.0,TWSE_RWD_JSON_MI_INDEX,data/daily_price/daily_price_20240219.csv,32.4,32.9575,33.175,33.175,32.88,1.7054,-2.381,-1.6492,,,2520392.7,0.5742,34.4,36.1,36.1,31.8,31.8,31.8,-0.4779,-1.1304,-1.1304,-0.2433,-4.6512,-9.1413,-9.1413,3.1447,3.1447
20240220,2607,榮運,TWSE,32.8,33.25,32.75,33.1,2098805.0,69365902.0,TWSE_RWD_JSON_MI_INDEX,data/daily_price/daily_price_20240220.csv,32.49,32.9425,33.1724,33.1724,32.8983,0.9146,1.3783,-0.8982,,,2330026.7,0.9008,34.4,36.1,36.1,31.8,31.8,31.8,0.4781,-0.2183,-0.2183,0.613,-3.7791,-8.3102,-8.3102,4.0881,4.0881
20240221,2607,榮運,TWSE,33.25,33.85,33.25,33.3,2629092.0,88126445.0,TWSE_RWD_JSON_MI_INDEX,data/daily_price/daily_price_20240221.csv,32.69,32.9475,33.1767,33.1767,32.9318,0.6042,3.096,0.3012,,,2331399.45,1.1277,34.4,36.1,36.1,31.8,31.8,31.8,1.0699,0.3717,0.3717,1.1181,-3.1977,-7.7562,-7.7562,4.717,4.717
20240222,2607,榮運,TWSE,33.45,33.7,33.05,33.7,2128509.0,71333931.0,TWSE_RWD_CSV_MI_INDEX,data/daily_price/daily_price_20240222.csv,33.03,33.0125,33.1935,33.1935,32.9958,1.2012,5.3125,4.0123,,,2256286.1,0.9434,34.4,36.1,36.1,31.8,31.8,31.8,2.0825,1.5258,1.5258,2.1341,-2.0349,-6.6482,-6.6482,5.9748,5.9748
20240223,2607,榮運,TWSE,33.8,33.85,32.8,33.1,1914684.0,63646472.0,TWSE_RWD_JSON_MI_INDEX,data/daily_price/daily_price_20240223.csv,33.2,33.05,33.1906,33.1906,33.0045,-1.7804,2.6357,2.3184,,,2221353.25,0.8619,34.4,36.1,36.1,31.8,31.8,31.8,0.1513,-0.273,-0.273,0.2893,-3.7791,-8.3102,-8.3102,4.0881,4.0881
20240226,2607,榮運,TWSE,33.0,33.25,32.7,32.9,1628151.0,53516691.0,TWSE_RWD_JSON_MI_INDEX,data/daily_price/daily_price_20240226.csv,33.22,33.0575,33.1818,33.1818,32.9958,-0.6042,0.3049,0.458,,,2206193.35,0.738,34.4,36.1,36.1,31.8,31.8,31.8,-0.4764,-0.8493,-0.8493,-0.2903,-4.3605,-8.8643,-8.8643,3.4591,3.4591
20240227,2607,榮運,TWSE,32.85,33.05,32.35,32.5,1594462.0,52005375.0,TWSE_RWD_JSON_MI_INDEX,data/daily_price/daily_price_20240227.csv,33.1,33.0575,33.1618,33.1618,32.9545,-1.2158,-1.8127,0.0,,,2152742.75,0.7407,34.4,36.1,36.1,31.8,31.8,31.8,-1.6865,-1.9956,-1.9956,-1.3791,-5.5233,-9.9723,-9.9723,2.2013,2.2013
20240229,2607,榮運,TWSE,32.8,33.6,32.8,33.4,2343693.0,77957180.0,TWSE_RWD_JSON_MI_INDEX,data/daily_price/daily_price_20240229.csv,33.12,33.11,33.1686,33.1686,32.9916,2.7692,0.3003,3.2457,,,2192084.9,1.0692,34.4,36.1,36.1,31.85,31.8,31.8,0.8759,0.6977,0.6977,1.2379,-2.907,-7.4792,-7.4792,5.0314,5.0314
20240301,2607,榮運,TWSE,33.55,33.55,32.65,32.85,1749530.0,57611037.0,TWSE_RWD_JSON_MI_INDEX,data/daily_price/daily_price_20240301.csv,32.95,33.13,33.1597,33.1597,32.9798,-1.6467,-2.5223,1.2327,,,2211275.55,0.7912,34.4,36.1,36.1,31.85,31.8,31.8,-0.8452,-0.934,-0.934,-0.3936,-4.5058,-9.0028,-9.0028,3.3019,3.3019
20240304,2607,榮運,TWSE,32.85,33.2,32.5,33.2,2022284.0,66496605.0,TWSE_RWD_CSV_MI_INDEX,data/daily_price/daily_price_20240304.csv,32.97,33.1,33.1608,33.1608,32.9982,1.0654,0.3021,-1.7751,,,1999440.85,1.0114,34.4,36.1,36.1,31.85,31.8,31.8,0.3021,0.1182,0.1182,0.6117,-3.4884,-8.0332,-8.0332,4.4025,4.4025
20240305,2607,榮運,TWSE,33.35,33.65,33.15,33.6,2714953.0,90759884.0,TWSE_RWD_JSON_MI_INDEX,data/daily_price/daily_price_20240305.csv,33.11,33.09,33.1724,33.1724,33.0483,1.2048,2.1277,-0.5917,,,2031082.7,1.3367,34.4,36.1,36.1,31.85,31.8,31.8,1.5413,1.2891,1.2891,1.6693,-2.3256,-6.9252,-6.9252,5.6604,5.6604
20240306,2607,榮運,TWSE,33.35,33.75,33.2,33.3,1597278.0,53335326.0,TWSE_RWD_JSON_MI_INDEX,data/daily_price/daily_price_20240306.csv,33.27,33.0575,33.1756,33.1756,33.0693,-0.8929,2.4615,-1.9146,,,1993738.8,0.8011,34.4,36.1,36.1,31.85,31.8,31.8,0.7336,0.3749,0.3749,0.6977,-3.1977,-7.7562,-7.7562,4.717,4.717
20240307,2607,榮運,TWSE,33.3,34.2,33.3,33.6,3567463.0,120489579.0,TWSE_RWD_JSON_MI_INDEX,data/daily_price/daily_price_20240307.csv,33.31,33.04,33.1862,33.1862,33.1135,0.9009,0.5988,-1.0309,,,2063117.7,1.7292,34.2,36.1,36.1,31.85,31.8,31.8,1.6949,1.2468,1.2468,1.4692,-1.7544,-6.9252,-6.9252,5.6604,5.6604
20240308,2607,榮運,TWSE,33.6,34.25,33.45,33.7,4130426.0,139646358.0,TWSE_RWD_JSON_MI_INDEX,data/daily_price/daily_price_20240308.csv,33.48,33.0575,33.1988,33.1988,33.1624,0.2976,2.5875,1.0495,,,2162990.4,1.9096,34.25,36.1,36.1,31.85,31.8,31.8,1.9436,1.5098,1.5098,1.6212,-1.6058,-6.6482,-6.6482,5.9748,5.9748
20240311,2607,榮運,TWSE,33.9,34.3,33.85,34.3,3554445.0,121267960.0,TWSE_RWD_JSON_MI_INDEX,data/daily_price/daily_price_20240311.csv,33.7,33.1075,33.225,33.225,33.2572,1.7804,3.3133,3.003,,,2267724.8,1.5674,34.3,36.1,36.1,31.85,31.8,31.8,3.6019,3.2355,3.2355,3.1356,0.0,-4.9861,-4.9861,7.8616,7.8616
20240312,2607,榮運,TWSE,34.6,35.0,34.2,34.8,4260184.0,147619806.0,TWSE_RWD_JSON_MI_INDEX,data/daily_price/daily_price_20240312.csv,33.94,33.1675,33.2616,33.2616,33.3858,1.4577,3.5714,3.5714,,,2383080.95,1.7877,35.0,36.1,36.1,31.85,31.8,31.8,4.922,4.6251,4.6251,4.2361,-0.5714,-3.6011,-3.6011,9.434,9.434
20240313,2607,榮運,TWSE,34.15,34.15,32.35,32.5,11065900.0,365252420.0,TWSE_RWD_JSON_MI_INDEX,data/daily_price/daily_price_20240313.csv,33.78,33.16,33.2443,33.2443,33.3119,-6.6092,-2.4024,-0.4594,,,2783037.1,3.9762,35.0,36.1,36.1,31.85,31.8,31.8,-1.9903,-2.2389,-2.2389,-2.4374,-7.1429,-9.9723,-9.9723,2.2013,2.2013
20240314,2607,榮運,TWSE,32.5,32.9,32.25,32.65,2175730.0,70788267.0,TWSE_RWD_JSON_MI_INDEX,data/daily_price/daily_price_20240314.csv,33.59,33.1775,33.2311,33.2311,33.2568,0.4615,-2.8274,1.0836,,,2811094.35,0.774,35.0,36.1,36.1,31.85,31.8,31.8,-1.5899,-1.7487,-1.7487,-1.8245,-6.7143,-9.5568,-9.5568,2.673,2.673
20240315,2607,榮運,TWSE,32.55,32.55,31.75,31.75,3452352.0,110371421.0,TWSE_RWD_JSON_MI_INDEX,data/daily_price/daily_price_20240315.csv,33.2,33.165,33.1989,33.1989,33.1312,-2.7565,-5.7864,-0.7812,,,2877357.0,1.1998,35.0,36.1,36.1,31.75,31.75,31.75,-4.2665,-4.3643,-4.3643,-4.1689,-9.2857,-12.0499,-12.0499,0.0,0.0
20240318,2607,榮運,TWSE,31.6,31.65,31.05,31.3,2492480.0,77944268.0,TWSE_RWD_JSON_MI_INDEX,data/daily_price/daily_price_20240318.csv,32.6,33.1175,33.1585,33.1585,32.9786,-1.4173,-8.7464,-2.9457,,,2928379.0,0.8511,35.0,36.1,36.1,31.05,31.05,31.05,-5.488,-5.6049,-5.6049,-5.09,-10.5714,-13.2964,-13.2964,0.8052,0.8052
20240319,2607,榮運,TWSE,31.4,31.75,31.35,31.5,2079216.0,65599098.0,TWSE_RWD_JSON_MI_INDEX,data/daily_price/daily_price_20240319.csv,31.94,33.0525,33.124,33.124,32.8554,0.639,-9.4828,-3.9634,,,2959981.85,0.7024,35.0,36.1,36.1,31.05,31.05,31.05,-4.6971,-4.9027,-4.9027,-4.1253,-10.0,-12.7424,-12.7424,1.4493,1.4493
20240320,2607,榮運,TWSE,31.45,31.6,31.3,31.3,1671570.0,52522639.0,TWSE_RWD_JSON_MI_INDEX,data/daily_price/daily_price_20240320.csv,31.7,32.9625,33.0867,33.0867,32.7258,-0.6349,-3.6923,-5.4381,,,2938620.1,0.5688,35.0,36.1,36.1,31.05,31.05,31.05,-5.0436,-5.4002,-5.4002,-4.3567,-10.5714,-13.2964,-13.2964,0.8052,0.8052
20240321,2607,榮運,TWSE,31.5,31.65,31.15,31.5,1585134.0,49758994.0,TWSE_RWD_JSON_MI_INDEX,data/daily_price/daily_price_20240321.csv,31.47,32.8725,33.055,33.055,32.6236,0.639,-3.5222,-5.4054,,,2886422.2,0.5492,35.0,36.1,36.1,31.05,31.05,31.05,-4.1752,-4.7043,-4.7043,-3.4442,-10.0,-12.7424,-12.7424,1.4493,1.4493
20240322,2607,榮運,TWSE,31.5,31.6,31.2,31.45,1590071.0,49825582.0,TWSE_RWD_JSON_MI_INDEX,data/daily_price/daily_price_20240322.csv,31.41,32.76,33.0235,33.0235,32.5258,-0.1587,-0.9449,-6.6766,,,2859500.3,0.5561,35.0,36.1,36.1,31.05,31.05,31.05,-3.9988,-4.7649,-4.7649,-3.3076,-10.1429,-12.8809,-12.8809,1.2882,1.2882
20240325,2607,榮運,TWSE,31.5,31.75,31.5,31.55,989466.0,31314499.0,TWSE_RWD_JSON_MI_INDEX,data/daily_price/daily_price_20240325.csv,31.46,32.6825,32.9952,32.9952,32.4445,0.318,0.7987,-4.6828,,,2813239.4,0.3517,35.0,36.1,36.1,31.05,31.05,31.05,-3.4652,-4.38,-4.38,-2.757,-9.8571,-12.6039,-12.6039,1.6103,1.6103
20240326,2607,榮運,TWSE,31.55,31.7,30.85,31.0,1905779.0,59362313.0,TWSE_RWD_JSON_MI_INDEX,data/daily_price/daily_price_20240326.csv,31.36,32.5875,32.9575,32.9575,32.3241,-1.7433,-1.5873,-5.7751,,,2827120.8,0.6741,35.0,36.1,36.1,30.85,30.85,30.85,-4.8715,-5.9396,-5.9396,-4.0964,-11.4286,-14.1274,-14.1274,0.4862,0.4862
20240327,2607,榮運,TWSE,31.0,31.5,30.95,31.4,1011919.0,31601175.0,TWSE_RWD_JSON_MI_INDEX,data/daily_price/daily_price_20240327.csv,31.38,32.5325,32.9287,32.9287,32.2471,1.2903,0.3195,-3.3846,,,2797993.65,0.3617,35.0,36.1,36.1,30.85,30.85,30.85,-3.4811,-4.6425,-4.6425,-2.627,-10.2857,-13.0194,-13.0194,1.7828,1.7828
20240328,2607,榮運,TWSE,31.4,31.65,31.2,31.25,1021912.0,32069605.0,TWSE_RWD_JSON_MI_INDEX,data/daily_price/daily_price_20240328.csv,31.33,32.425,32.8982,32.8982,32.164,-0.4777,-0.7937,-6.4371,,,2731904.6,0.3741,35.0,36.1,36.1,30.85,30.85,30.85,-3.6237,-5.0099,-5.0099,-2.8418,-10.7143,-13.4349,-13.4349,1.2966,1.2966
20240329,2607,榮運,TWSE,31.3,31.45,31.15,31.35,889472.0,27823271.0,TWSE_RWD_JSON_MI_INDEX,data/daily_price/daily_price_20240329.csv,31.31,32.35,32.8705,32.8705,32.0962,0.32,-0.318,-4.5662,,,2688901.7,0.3308,35.0,36.1,36.1,30.85,30.85,30.85,-3.0912,-4.6258,-4.6258,-2.3249,-10.4286,-13.1579,-13.1579,1.6207,1.6207
20240401,2607,榮運,TWSE,31.35,31.6,31.35,31.5,727357.0,22868634.0,TWSE_RWD_JSON_MI_INDEX,data/daily_price/daily_price_20240401.csv,31.3,32.265,32.8465,32.8465,32.0465,0.4785,-0.1585,-5.1205,,,2624155.35,0.2772,35.0,36.1,36.1,30.85,30.85,30.85,-2.371,-4.0993,-4.0993,-1.7054,-10.0,-12.7424,-12.7424,2.107,2.107
20240402,2607,榮運,TWSE,31.4,31.5,31.15,31.4,960864.0,30081269.0,TWSE_RWD_JSON_MI_INDEX,data/daily_price/daily_price_20240402.csv,31.38,32.155,32.8216,32.8216,31.9926,-0.3175,1.2903,-6.5476,,,2536450.9,0.3788,35.0,36.1,36.1,30.85,30.85,30.85,-2.348,-4.3312,-4.3312,-1.8524,-10.2857,-13.0194,-13.0194,1.7828,1.7828
20240403,2607,榮運,TWSE,31.3,31.45,31.25,31.45,718216.0,22540098.0,TWSE_RWD_JSON_MI_INDEX,data/daily_price/daily_price_20240403.csv,31.39,32.0625,32.7983,32.7983,31.9474,0.1592,0.1592,-5.5556,,,2492497.8,0.2882,35.0,36.1,36.1,30.85,30.85,30.85,-1.9103,-4.1109,-4.1109,-1.557,-10.1429,-12.8809,-12.8809,1.9449,1.9449
20240408,2607,榮運,TWSE,31.6,31.6,31.05,31.25,1863465.0,58071751.0,TWSE_RWD_JSON_MI_INDEX,data/daily_price/daily_price_20240408.csv,31.39,31.945,32.7725,32.7725,31.8893,-0.6359,0.0,-6.994,,,2407297.9,0.7741,35.0,36.1,36.1,30.85,30.85,30.85,-2.1756,-4.6457,-4.6457,-2.0047,-10.7143,-13.4349,-13.4349,1.2966,1.2966
20240409,2607,榮運,TWSE,31.25,31.75,31.15,31.55,1473791.0,46447429.0,TWSE_RWD_CSV_MI_INDEX,data/daily_price/daily_price_20240409.csv,31.43,31.8375,32.7675,32.7525,31.861,0.96,0.638,-6.3798,-0.9419,,2274466.15,0.648,35.0,36.1,36.1,30.85,30.85,30.85,-0.903,-3.7156,-3.6714,-0.9762,-9.8571,-12.6039,-12.6039,2.269,2.269
20240410,2607,榮運,TWSE,31.65,31.7,31.5,31.7,2488302.0,78767631.0,TWSE_RWD_JSON_MI_INDEX,data/daily_price/daily_price_20240410.csv,31.47,31.7075,32.7575,32.7355,31.8476,0.4754,0.6349,-7.5802,-1.8576,,2221159.0,1.1203,35.0,36.1,36.1,30.85,30.85,30.85,-0.0237,-3.2283,-3.1632,-0.4635,-9.4286,-12.1884,-12.1884,2.7553,2.7553
20240411,2607,榮運,TWSE,31.9,32.3,30.65,30.75,13326602.0,414958553.0,TWSE_RWD_JSON_MI_INDEX,data/daily_price/daily_price_20240411.csv,31.34,31.505,32.6783,32.704,31.7561,-2.9968,-2.0701,-11.6379,-13.3803,,2674479.9,4.9829,34.15,36.1,36.1,30.65,30.65,30.65,-2.3964,-5.901,-5.9747,-3.1683,-9.9561,-14.8199,-14.8199,0.3263,0.3263
20240412,2607,榮運,TWSE,30.9,31.2,30.5,30.55,6822820.0,209851454.0,TWSE_RWD_JSON_MI_INDEX,data/daily_price/daily_price_20240412.csv,31.16,31.4075,32.5908,32.6703,31.6556,-0.6504,-2.8617,-6.0,-14.6648,,2462325.9,2.7709,32.9,35.8,36.1,30.5,30.5,30.5,-2.7302,-6.262,-6.49,-3.4927,-7.1429,-14.6648,-15.374,0.1639,0.1639
20240415,2607,榮運,TWSE,30.55,30.55,29.95,29.95,42404944.0,1271133833.0,TWSE_RWD_JSON_MI_INDEX,data/daily_price/daily_price_20240415.csv,30.9,31.2725,32.5133,32.6285,31.5135,-1.964,-4.16,-8.2695,-13.4393,,4473786.6,9.4785,32.55,35.0,36.1,29.95,29.95,29.95,-4.229,-7.8839,-8.209,-4.9613,-7.9877,-14.4286,-17.036,0.0,0.0
20240416,2607,榮運,TWSE,29.95,30.2,29.7,30.0,25229316.0,755641086.0,TWSE_RWD_JSON_MI_INDEX,data/daily_price/daily_price_20240416.csv,30.59,31.185,32.4525,32.5886,31.3874,0.1669,-4.9128,-5.5118,-10.847,,5562634.8,4.5355,32.3,35.0,36.1,29.7,29.7,29.7,-3.7999,-7.5572,-7.9434,-4.4201,-7.1207,-14.2857,-16.8975,1.0101,1.0101
20240417,2607,榮運,TWSE,30.0,30.75,29.95,30.65,2025385.0,61682326.0,TWSE_RWD_JSON_MI_INDEX,data/daily_price/daily_price_20240417.csv,30.38,31.1525,32.4183,32.5597,31.3259,2.1667,-3.3123,-2.0767,-6.2691,,5539280.05,0.3656,32.3,35.0,36.1,29.7,29.7,29.7,-1.613,-5.4547,-5.8652,-2.1577,-5.1084,-12.4286,-15.097,3.1987,3.1987
20240418,2607,榮運,TWSE,30.75,30.85,30.4,30.7,1400366.0,42928644.0,TWSE_RWD_JSON_MI_INDEX,data/daily_price/daily_price_20240418.csv,30.37,31.1125,32.3742,32.5324,31.2738,0.1631,-0.1626,-2.5397,-7.946,,5505337.55,0.2544,32.3,35.0,36.1,29.7,29.7,29.7,-1.3258,-5.1713,-5.6324,-1.8346,-4.9536,-12.2857,-14.9584,3.367,3.367
20240419,2607,榮運,TWSE,30.7,31.2,30.3,30.7,3954652.0,121783245.0,TWSE_RWD_JSON_MI_INDEX,data/daily_price/daily_price_20240419.csv,30.4,31.0825,32.3292,32.5058,31.2259,0.0,0.491,-1.9169,-8.0838,,5619491.65,0.7037,32.3,35.0,36.1,29.7,29.7,29.7,-1.2306,-5.0393,-5.5553,-1.6843,-4.9536,-12.2857,-14.9584,3.367,3.367
20240422,2607,榮運,TWSE,31.1,31.8,31.1,31.2,4991987.0,157154872.0,TWSE_RWD_JSON_MI_INDEX,data/daily_price/daily_price_20240422.csv,30.65,31.0675,32.2958,32.4871,31.2238,1.6287,4.1736,-0.9524,-6.0241,,5789834.3,0.8622,32.3,35.0,36.1,29.7,29.7,29.7,0.4265,-3.3931,-3.962,-0.0762,-3.4056,-10.8571,-13.5734,5.0505,5.0505
20240423,2607,榮運,TWSE,31.5,31.55,31.05,31.1,1731055.0,54087734.0,TWSE_RWD_JSON_MI_INDEX,data/daily_price/daily_price_20240423.csv,30.87,31.05,32.2742,32.4676,31.2135,-0.3205,3.6667,-1.1129,-4.0123,,5796883.5,0.2986,32.3,35.0,36.1,29.7,29.7,29.7,0.161,-3.6381,-4.2122,-0.3635,-3.7152,-11.1429,-13.8504,4.7138,4.7138
20240424,2607,榮運,TWSE,31.35,32.3,31.2,32.1,6240282.0,199105465.0,TWSE_RWD_JSON_MI_INDEX,data/daily_price/daily_price_20240424.csv,31.16,31.0775,32.27,32.4625,31.2873,3.2154,4.7308,1.7433,-0.7728,,6059424.3,1.0298,32.3,35.0,36.1,29.7,29.7,29.7,3.2902,-0.5268,-1.1167,2.5974,-0.6192,-8.2857,-11.0803,8.0808,8.0808
20240425,2607,榮運,TWSE,32.05,32.3,31.75,31.85,3631678.0,116343619.0,TWSE_RWD_JSON_MI_INDEX,data/daily_price/daily_price_20240425.csv,31.39,31.12,32.255,32.4541,31.3342,-0.7788,3.7459,2.7419,-2.7481,,6145719.25,0.5909,32.3,35.0,36.1,29.7,29.7,29.7,2.3458,-1.2556,-1.8614,1.646,-1.3932,-9.0,-11.7729,7.2391,7.2391
20240426,2607,榮運,TWSE,31.95,33.1,31.9,32.95,4999976.0,163267763.0,TWSE_RWD_JSON_MI_INDEX,data/daily_price/daily_price_20240426.csv,31.84,31.1975,32.2625,32.4608,31.4689,3.4537,7.329,4.9363,1.3846,,6345122.1,0.788,33.1,35.0,36.1,29.7,29.7,29.7,5.6174,2.131,1.507,4.7066,-0.4532,-5.8571,-8.7258,10.9428,10.9428
20240429,2607,榮運,TWSE,33.8,34.95,33.2,34.45,14843498.0,508030090.0,TWSE_RWD_JSON_MI_INDEX,data/daily_price/daily_price_20240429.csv,32.49,31.3575,32.2975,32.4873,31.7173,4.5524,10.4167,10.24,6.4915,,7036201.4,2.1096,34.95,35.0,36.1,29.7,29.7,29.7,9.8621,6.6646,6.0413,8.6158,-1.4306,-1.5714,-4.5706,15.9933,15.9933
20240430,2607,榮運,TWSE,33.85,33.9,33.0,33.65,6027383.0,201489255.0,TWSE_RWD_JSON_MI_INDEX,data/daily_price/daily_price_20240430.csv,33.0,31.4725,32.3175,32.5026,31.8784,-2.3222,8.1994,7.3365,3.698,,7293096.95,0.8265,34.95,35.0,36.1,29.7,29.7,29.7,6.9187,4.1232,3.5301,5.5575,-3.7196,-3.8571,-6.7867,13.2997,13.2997
20240502,2607,榮運,TWSE,33.65,34.85,33.65,34.2,6457679.0,222095081.0,TWSE_RWD_JSON_MI_INDEX,data/daily_price/daily_price_20240502.csv,33.42,31.6075,32.3242,32.5247,32.0718,1.6345,6.5421,8.5714,1.1834,,7579613.05,0.852,34.95,35.0,36.1,29.7,29.7,29.7,8.2022,5.8032,5.1509,6.6356,-2.1459,-2.2857,-5.2632,15.1515,15.1515
20240503,2607,榮運,TWSE,34.5,34.95,34.0,34.25,4594916.0,157908697.0,TWSE_RWD_JSON_MI_INDEX,data/daily_price/daily_price_20240503.csv,33.9,31.75,32.3317,32.5468,32.2533,0.1462,7.5353,9.0764,1.3314,,7761315.65,0.592,34.95,35.0,36.1,29.7,29.7,29.7,7.874,5.9333,5.2331,6.1905,-2.0029,-2.1429,-5.1247,15.3199,15.3199
20240506,2607,榮運,TWSE,34.4,34.4,33.45,33.55,4561594.0,153972397.0,TWSE_RWD_JSON_MI_INDEX,data/daily_price/daily_price_20240506.csv,34.02,31.855,32.325,32.5595,32.3614,-2.0438,1.8209,6.6773,-1.1782,,7953484.55,0.5735,34.95,35.0,36.1,29.7,29.7,29.7,5.321,3.7896,3.0421,3.6729,-4.0057,-4.1429,-7.0637,12.963,12.963
20240507,2607,榮運,TWSE,33.55,34.1,33.35,33.8,2873453.0,97012797.0,TWSE_RWD_JSON_MI_INDEX,data/daily_price/daily_price_20240507.csv,33.89,31.9825,32.3225,32.575,32.4813,0.7452,-1.8868,8.16,-0.4418,,8003983.95,0.359,34.95,35.0,36.1,29.7,29.7,29.7,5.6828,4.5711,3.7606,4.0599,-3.2904,-3.4286,-6.3712,13.8047,13.8047
20240508,2607,榮運,TWSE,33.8,34.5,33.25,33.45,4680661.0,157813142.0,TWSE_RWD_JSON_MI_INDEX,data/daily_price/daily_price_20240508.csv,33.85,32.0775,32.3242,32.5858,32.562,-1.0355,-0.5944,6.0222,0.2999,,8164327.45,0.5733,34.95,35.0,36.1,29.7,29.7,29.7,4.2787,3.4829,2.6521,2.7271,-4.2918,-4.4286,-7.3407,12.6263,12.6263
20240509,2607,榮運,TWSE,33.6,34.2,33.4,33.7,2904257.0,98317538.0,TWSE_RWD_JSON_MI_INDEX,data/daily_price/daily_price_20240509.csv,33.75,32.1775,32.3308,32.5994,32.6568,0.7474,-1.462,6.3091,1.2012,,8185125.2,0.3548,34.95,35.0,36.1,29.7,29.7,29.7,4.7316,4.2349,3.3762,3.1943,-3.5765,-3.7143,-6.6482,13.468,13.468
20240510,2607,榮運,TWSE,33.8,35.0,33.4,34.15,11415194.0,393686790.0,TWSE_RWD_JSON_MI_INDEX,data/daily_price/daily_price_20240510.csv,33.73,32.3475,32.34,32.6181,32.7813,1.3353,-0.292,11.0569,1.6369,,8089554.8,1.4111,35.0,35.0,36.1,29.7,29.7,29.7,5.5723,5.5968,4.6966,4.1753,-2.4286,-2.4286,-5.4017,14.9832,14.9832
20240513,2607,榮運,TWSE,35.1,36.3,33.9,33.95,19212915.0,670847096.0,TWSE_RWD_JSON_MI_INDEX,data/daily_price/daily_price_20240513.csv,33.81,32.5175,32.3617,32.6339,32.8787,-0.5857,1.1923,11.1293,3.9816,,8709059.55,2.2061,36.3,36.3,36.3,29.7,29.7,29.7,4.4053,4.9081,4.0328,3.2584,-6.4738,-6.4738,-6.4738,14.3098,14.3098
20240514,2607,榮運,TWSE,34.15,34.8,33.55,34.25,6823090.0,234162852.0,TWSE_RWD_JSON_MI_INDEX,data/daily_price/daily_price_20240514.csv,33.9,32.7325,32.3942,32.6529,32.9929,0.8837,1.3314,14.3573,6.0372,,6929966.85,0.9846,36.3,36.3,36.3,29.7,29.7,29.7,4.6361,5.7289,4.891,3.8101,-5.6474,-5.6474,-5.6474,15.3199,15.3199
20240515,2607,榮運,TWSE,34.25,34.3,33.6,33.8,4219535.0,142510939.0,TWSE_RWD_JSON_MI_INDEX,data/daily_price/daily_price_20240515.csv,33.97,32.9225,32.4242,32.6663,33.0602,-1.3139,1.0463,12.6667,5.625,,5879477.8,0.7177,36.3,36.3,36.3,29.95,29.7,29.7,2.6654,4.2432,3.4706,2.2377,-6.8871,-6.8871,-6.8871,13.8047,13.8047
20240516,2607,榮運,TWSE,34.0,34.35,33.65,34.2,4313969.0,146928760.0,TWSE_RWD_JSON_MI_INDEX,data/daily_price/daily_price_20240516.csv,34.07,33.1,32.4567,32.6839,33.1552,1.1834,1.4837,11.5824,6.0465,,5993907.0,0.7197,36.3,36.3,36.3,30.3,29.7,29.7,3.3233,5.3713,4.6386,3.1513,-5.7851,-5.7851,-5.7851,15.1515,15.1515
20240517,2607,榮運,TWSE,34.4,34.8,33.7,33.85,4216427.0,144200658.0,TWSE_RWD_JSON_MI_INDEX,data/daily_price/daily_price_20240517.csv,34.01,33.2575,32.4742,32.6972,33.2131,-1.0234,-0.8785,10.2606,3.2012,,6134710.05,0.6873,36.3,36.3,36.3,30.3,29.7,29.7,1.7816,4.2367,3.5258,1.9177,-6.7493,-6.7493,-6.7493,13.9731,13.9731
20240520,2607,榮運,TWSE,33.9,34.05,33.15,33.2,3811381.0,127747327.0,TWSE_RWD_JSON_MI_INDEX,data/daily_price/daily_price_20240520.csv,33.86,33.3825,32.4758,32.7028,33.212,-1.9202,-2.2091,8.1433,0.3021,,6127546.5,0.622,36.3,36.3,36.3,31.05,29.7,29.7,-0.5467,2.2299,1.5203,-0.0361,-8.5399,-8.5399,-8.5399,11.7845,11.7845
20240521,2607,榮運,TWSE,33.2,33.2,32.5,32.65,4142126.0,135342390.0,TWSE_RWD_JSON_MI_INDEX,data/daily_price/daily_price_20240521.csv,33.54,33.455,32.465,32.7022,33.1652,-1.6566,-4.6715,4.6474,-1.952,,6085053.45,0.6807,36.3,36.3,36.3,31.05,29.7,29.7,-2.4062,0.5698,-0.1597,-1.5533,-10.0551,-10.0551,-10.0551,9.9327,9.9327
20240522,2607,榮運,TWSE,32.7,32.85,32.4,32.65,2402389.0,78436418.0,TWSE_RWD_JSON_MI_INDEX,data/daily_price/daily_price_20240522.csv,33.31,33.5325,32.4475,32.7016,33.1222,0.0,-3.4024,4.9839,-3.1157,,6118620.15,0.3926,36.3,36.3,36.3,31.2,29.7,29.7,-2.6318,0.6241,-0.1579,-1.4257,-10.0551,-10.0551,-10.0551,9.9327,9.9327
20240523,2607,榮運,TWSE,32.65,32.75,32.0,32.05,3038957.0,97883626.0,TWSE_RWD_JSON_MI_INDEX,data/daily_price/daily_price_20240523.csv,32.88,33.53,32.43,32.6946,33.0329,-1.8377,-6.2865,-0.1558,-3.1722,,5958553.9,0.51,36.3,36.3,36.3,31.75,29.7,29.7,-4.414,-1.1718,-1.9715,-2.9755,-11.708,-11.708,-11.708,7.9125,7.9125
20240524,2607,榮運,TWSE,32.05,32.4,31.85,32.25,2058732.0,66259962.0,TWSE_RWD_JSON_MI_INDEX,data/daily_price/daily_price_20240524.csv,32.56,33.55,32.4192,32.6898,32.9676,0.624,-4.7267,1.2559,-1.9757,,5879906.6,0.3501,36.3,36.3,36.3,31.85,29.7,29.7,-3.8748,-0.5218,-1.3453,-2.1768,-11.157,-11.157,-11.157,8.5859,8.5859
20240527,2607,榮運,TWSE,32.4,34.55,32.4,34.1,7992846.0,269865460.0,TWSE_RWD_JSON_MI_INDEX,data/daily_price/daily_price_20240527.csv,32.74,33.6075,32.4458,32.7048,33.062,5.7364,2.7108,3.4901,4.9231,,6029550.1,1.3256,36.3,36.3,36.3,31.85,29.7,29.7,1.4654,5.0982,4.2661,3.1395,-6.0606,-6.0606,-6.0606,14.8148,14.8148
20240528,2607,榮運,TWSE,34.3,34.5,33.65,34.05,4500292.0,153164012.0,TWSE_RWD_JSON_MI_INDEX,data/daily_price/daily_price_20240528.csv,33.02,33.5875,32.4567,32.7189,33.1443,-0.1466,4.2879,-1.1611,1.9461,,5512389.8,0.8164,36.3,36.3,36.3,31.85,29.7,29.7,1.377,4.9091,4.0681,2.7325,-6.1983,-6.1983,-6.1983,14.6465,14.6465
20240529,2607,榮運,TWSE,34.2,35.0,33.7,34.0,5026990.0,172370124.0,TWSE_RWD_JSON_MI_INDEX,data/daily_price/daily_price_20240529.csv,33.29,33.605,32.4758,32.7323,33.2156,-0.1468,4.1348,1.0401,3.5008,,5462370.15,0.9203,36.3,36.3,36.3,31.85,29.7,29.7,1.1754,4.6932,3.873,2.3614,-6.3361,-6.3361,-6.3361,14.4781,14.4781
20240530,2607,榮運,TWSE,33.8,34.35,33.45,33.6,2666875.0,89973648.0,TWSE_RWD_JSON_MI_INDEX,data/daily_price/daily_price_20240530.csv,33.6,33.575,32.4825,32.7412,33.2477,-1.1765,4.8362,-1.7544,1.2048,,5272829.95,0.5058,36.3,36.3,36.3,31.85,29.7,29.7,0.0745,3.4403,2.6229,1.0597,-7.438,-7.438,-7.438,13.1313,13.1313
20240531,2607,榮運,TWSE,33.45,34.05,33.45,33.55,3465485.0,116652760.0,TWSE_RWD_JSON_MI_INDEX,data/daily_price/daily_price_20240531.csv,33.86,33.54,32.4817,32.7495,33.2729,-0.1488,4.031,-2.0438,-0.1488,,5216358.4,0.6643,36.3,36.3,36.3,31.85,29.7,29.7,0.0298,3.289,2.4443,0.8329,-7.5758,-7.5758,-7.5758,12.963,12.963
20240603,2607,榮運,TWSE,33.75,33.75,33.15,33.15,2945249.0,98250824.0,TWSE_RWD_JSON_MI_INDEX,data/daily_price/daily_price_20240603.csv,33.67,33.52,32.4792,32.7535,33.2626,-1.1923,-2.7859,-1.1923,-0.4505,,5135541.15,0.5735,36.3,36.3,36.3,31.85,29.7,29.7,-1.1038,2.0654,1.2104,-0.3386,-8.6777,-8.6777,-8.6777,11.6162,11.6162
20240604,2607,榮運,TWSE,33.15,33.15,32.4,32.7,2649592.0,86618917.0,TWSE_RWD_JSON_MI_INDEX,data/daily_price/daily_price_20240604.csv,33.4,33.465,32.4642,32.753,33.2157,-1.3575,-3.9648,-3.2544,-2.6786,,5124348.1,0.5171,36.3,36.3,36.3,31.85,29.7,29.7,-2.286,0.7264,-0.1618,-1.5527,-9.9174,-9.9174,-9.9174,10.101,10.101
20240605,2607,榮運,TWSE,32.75,33.7,32.75,32.85,3117189.0,103706425.0,TWSE_RWD_JSON_MI_INDEX,data/daily_price/daily_price_20240605.csv,33.17,33.435,32.45,32.754,33.1853,0.4587,-3.3824,-1.7937,-2.5223,,5046174.5,0.6177,36.3,36.3,36.3,31.85,29.7,29.7,-1.7497,1.2327,0.2932,-1.0103,-9.5041,-9.5041,-9.5041,10.6061,10.6061
20240606,2607,榮運,TWSE,33.2,33.95,33.1,33.5,3017213.0,101044446.0,TWSE_RWD_JSON_MI_INDEX,data/daily_price/daily_price_20240606.csv,33.15,33.425,32.4367,32.7613,33.2115,1.9787,-0.2976,-0.5935,-2.3324,,5051822.3,0.5973,36.3,36.3,36.3,31.85,29.7,29.7,0.2244,3.2782,2.2549,0.8687,-7.7135,-7.7135,-7.7135,12.7946,12.7946
20240607,2607,榮運,TWSE,33.55,33.65,33.2,33.5,1827056.0,61140336.0,TWSE_RWD_JSON_MI_INDEX,data/daily_price/daily_price_20240607.csv,33.14,33.3925,32.415,32.7684,33.2355,0.0,-0.149,-1.9034,-3.7356,,4572415.4,0.3996,36.3,36.3,36.3,31.85,29.7,29.7,0.3219,3.3472,2.2325,0.7957,-7.7135,-7.7135,-7.7135,12.7946,12.7946
20240611,2607,榮運,TWSE,33.75,33.8,32.3,32.3,4582136.0,150525262.0,TWSE_RWD_JSON_MI_INDEX,data/daily_price/daily_price_20240611.csv,32.97,33.31,32.4117,32.7639,33.1576,-3.5821,-2.5641,-4.8601,-0.6154,,3840876.45,1.193,35.0,36.3,36.3,31.85,29.7,29.7,-3.0321,-0.3445,-1.416,-2.5864,-7.7143,-11.0193,-11.0193,8.7542,8.7542
20240612,2607,榮運,TWSE,32.5,32.5,31.45,31.65,5057889.0,160381052.0,TWSE_RWD_JSON_MI_INDEX,data/daily_price/daily_price_20240612.csv,32.76,33.18,32.395,32.7533,33.0319,-2.0124,-3.211,-7.5912,-3.0628,,3752616.4,1.3478,35.0,36.3,36.3,31.45,29.7,29.7,-4.6112,-2.2997,-3.3686,-4.1836,-9.5714,-12.8099,-12.8099,6.5657,6.5657
20240613,2607,榮運,TWSE,31.9,32.2,31.8,32.0,1443687.0,46182881.0,TWSE_RWD_JSON_MI_INDEX,data/daily_price/daily_price_20240613.csv,32.59,33.09,32.3992,32.7462,32.9459,1.1058,-2.5875,-5.3254,0.7874,,3613824.0,0.3995,35.0,36.3,36.3,31.45,29.7,29.7,-3.294,-1.232,-2.2788,-2.8712,-8.5714,-11.8457,-11.8457,7.7441,7.7441
20240614,2607,榮運,TWSE,32.1,32.35,31.9,32.1,2509506.0,80548206.0,TWSE_RWD_JSON_MI_INDEX,data/daily_price/daily_price_20240614.csv,32.31,32.985,32.4125,32.7402,32.8755,0.3125,-4.1791,-6.1404,2.5559,,3523600.85,0.7122,35.0,36.3,36.3,31.45,29.7,29.7,-2.683,-0.9641,-1.9554,-2.3588,-8.2857,-11.5702,-11.5702,8.0808,8.0808
20240617,2607,榮運,TWSE,32.1,32.2,31.8,31.9,2007265.0,64023394.0,TWSE_RWD_JSON_MI_INDEX,data/daily_price/daily_price_20240617.csv,31.99,32.8875,32.4192,32.7324,32.7942,-0.6231,-4.7761,-5.7607,1.2698,,3413142.75,0.5881,35.0,36.3,36.3,31.45,29.7,29.7,-3.0027,-1.6014,-2.5431,-2.7266,-8.8571,-12.1212,-12.1212,7.4074,7.4074
20240618,2607,榮運,TWSE,32.0,32.05,31.75,31.75,3175602.0,101137822.0,TWSE_RWD_JSON_MI_INDEX,data/daily_price/daily_price_20240618.csv,31.88,32.815,32.4267,32.7234,32.7071,-0.4702,-1.7028,-4.3675,1.4377,,3381353.8,0.9392,35.0,36.3,36.3,31.45,29.7,29.7,-3.2455,-2.0868,-2.9746,-2.9264,-9.2857,-12.5344,-12.5344,6.9024,6.9024
20240619,2607,榮運,TWSE,31.85,32.45,31.75,32.0,8510282.0,271816656.0,TWSE_RWD_JSON_MI_INDEX,data/daily_price/daily_price_20240619.csv,31.95,32.7825,32.435,32.7168,32.6482,0.7874,1.1058,-1.9908,1.5873,,3599761.6,2.3641,35.0,36.3,36.3,31.45,29.7,29.7,-2.3869,-1.3411,-2.191,-1.9855,-8.5714,-11.8457,-11.8457,7.7441,7.7441
20240620,2607,榮運,TWSE,32.2,32.7,32.1,32.5,9575728.0,309713894.0,TWSE_RWD_JSON_MI_INDEX,data/daily_price/daily_price_20240620.csv,32.05,32.775,32.4525,32.7149,32.6359,1.5625,1.5625,-0.4594,3.3386,,3958428.55,2.4191,35.0,36.3,36.3,31.45,29.7,29.7,-0.8391,0.1464,-0.6568,-0.4163,-7.1429,-10.4683,-10.4683,9.4276,9.4276
20240621,2607,榮運,TWSE,32.5,32.8,32.1,32.35,8426129.0,272104404.0,TWSE_RWD_JSON_MI_INDEX,data/daily_price/daily_price_20240621.csv,32.1,32.79,32.4658,32.7116,32.612,-0.4615,0.7788,0.936,2.5357,,4227787.15,1.993,35.0,36.3,36.3,31.45,29.7,29.7,-1.3419,-0.3568,-1.1054,-0.8035,-7.5714,-10.8815,-10.8815,8.9226,8.9226
20240624,2607,榮運,TWSE,32.5,32.5,31.7,31.85,9435131.0,300171134.0,TWSE_RWD_JSON_MI_INDEX,data/daily_price/daily_price_20240624.csv,32.09,32.77,32.48,32.704,32.5485,-1.5456,-0.1567,-1.2403,2.7419,,4596607.1,2.0526,35.0,36.3,36.3,31.45,29.7,29.7,-2.8074,-1.9397,-2.6112,-2.1462,-9.0,-12.259,-12.259,7.2391,7.2391
20240625,2607,榮運,TWSE,31.95,32.6,31.75,32.6,5795648.0,186717722.0,TWSE_RWD_JSON_MI_INDEX,data/daily_price/daily_price_20240625.csv,32.26,32.695,32.5,32.7031,32.5528,2.3548,2.6772,-4.3988,3.8217,,4486747.2,1.2917,35.0,36.3,36.3,31.45,29.7,29.7,-0.2906,0.3077,-0.3152,0.1449,-6.8571,-10.1928,-10.1928,9.7643,9.7643
20240626,2607,榮運,TWSE,32.45,32.5,32.1,32.25,3224083.0,103809433.0,TWSE_RWD_JSON_MI_INDEX,data/daily_price/daily_price_20240626.csv,32.31,32.605,32.5167,32.6991,32.5276,-1.0736,0.7812,-5.2863,3.2,,4422936.75,0.7289,35.0,36.3,36.3,31.45,29.7,29.7,-1.0888,-0.8201,-1.3735,-0.8534,-7.8571,-11.157,-11.157,8.5859,8.5859
20240627,2607,榮運,TWSE,32.1,32.15,31.75,31.75,3113874.0,99412177.0,TWSE_RWD_JSON_MI_INDEX,data/daily_price/daily_price_20240627.csv,32.16,32.4925,32.5233,32.6909,32.4628,-1.5504,-2.3077,-6.6176,1.2759,,4327280.95,0.7196,34.35,36.3,36.3,31.45,29.7,29.7,-2.2851,-2.3778,-2.8783,-2.1957,-7.5691,-12.5344,-12.5344,6.9024,6.9024
20240628,2607,榮運,TWSE,31.85,31.95,31.75,31.75,2807073.0,89275052.0,TWSE_RWD_JSON_MI_INDEX,data/daily_price/daily_price_20240628.csv,32.04,32.4,32.5275,32.6829,32.4034,0.0,-1.8547,-5.506,0.7937,,4334290.85,0.6476,34.05,36.3,36.3,31.45,29.7,29.7,-2.0062,-2.3903,-2.8544,-2.0164,-6.7548,-12.5344,-12.5344,6.9024,6.9024
20240701,2607,榮運,TWSE,31.95,32.05,31.7,31.7,2686545.0,85423639.0,TWSE_RWD_JSON_MI_INDEX,data/daily_price/daily_price_20240701.csv,32.01,32.3075,32.5325,32.6746,32.3448,-0.1575,-0.471,-5.5142,0.9554,,4295343.85,0.6255,33.95,36.3,36.3,31.45,29.7,29.7,-1.8804,-2.559,-2.9827,-1.9935,-6.6274,-12.6722,-12.6722,6.734,6.734
20240702,2607,榮運,TWSE,31.9,32.0,31.65,31.9,1744111.0,55517750.0,TWSE_RWD_JSON_MI_INDEX,data/daily_price/daily_price_20240702.csv,31.87,32.245,32.54,32.6681,32.3077,0.6309,-2.1472,-3.7707,1.4308,,4235286.95,0.4118,33.95,36.3,36.3,31.45,29.7,29.7,-1.0699,-1.9668,-2.3511,-1.262,-6.0383,-12.1212,-12.1212,7.4074,7.4074
20240703,2607,榮運,TWSE,32.1,32.25,31.9,32.0,1915265.0,61424085.0,TWSE_RWD_JSON_MI_INDEX,data/daily_price/daily_price_20240703.csv,31.82,32.21,32.5525,32.6625,32.2821,0.3135,-0.7752,-2.1407,2.4,,4198570.6,0.4562,33.95,36.3,36.3,31.45,29.7,29.7,-0.652,-1.6973,-2.0283,-0.8738,-5.7437,-11.8457,-11.8457,7.7441,7.7441
20240704,2607,榮運,TWSE,32.05,32.15,31.9,31.95,1568390.0,50224140.0,TWSE_RWD_JSON_MI_INDEX,data/daily_price/daily_price_20240704.csv,31.86,32.165,32.5592,32.6633,32.2544,-0.1563,0.6299,-2.7397,1.2678,0.314,4121130.65,0.3806,33.95,36.3,36.3,31.45,29.7,29.7,-0.6684,-1.871,-2.1839,-0.9437,-5.891,-11.9835,-11.9835,7.5758,7.5758
20240705,2607,榮運,TWSE,32.05,32.1,31.9,31.95,2192950.0,70113410.0,TWSE_RWD_JSON_MI_INDEX,data/daily_price/daily_price_20240705.csv,31.9,32.0875,32.5633,32.6604,32.229,0.0,0.6299,-4.6269,0.7886,-1.0836,4079917.5,0.5375,33.8,36.3,36.3,31.45,29.7,29.7,-0.4285,-1.8835,-2.1752,-0.8658,-5.4734,-11.9835,-11.9835,7.5758,7.5758
20240708,2607,榮運,TWSE,31.9,31.9,31.5,31.6,4175326.0,132277637.0,TWSE_RWD_JSON_MI_INDEX,data/daily_price/daily_price_20240708.csv,31.88,31.9925,32.5775,32.6279,32.1766,-1.0955,-0.3155,-5.6716,2.7642,-10.9859,4197331.0,0.9948,33.8,36.3,36.3,31.45,29.7,29.7,-1.2269,-3.0005,-3.1504,-1.792,-6.5089,-12.9477,-12.9477,6.3973,6.3973
20240709,2607,榮運,TWSE,30.8,30.85,30.45,30.5,2957203.0,90467685.0,TWSE_RWD_JSON_MI_INDEX,data/daily_price/daily_price_20240709.csv,31.6,31.9025,32.5767,32.5838,32.0369,-3.481,-4.3887,-5.5728,-0.1637,-14.8045,4116084.35,0.7185,32.8,36.3,36.3,30.45,29.7,29.7,-4.3962,-6.3747,-6.3951,-4.7973,-7.0122,-15.978,-15.978,2.6936,2.6936
20240710,2607,榮運,TWSE,30.65,30.65,30.35,30.45,2049524.0,62482529.0,TWSE_RWD_JSON_MI_INDEX,data/daily_price/daily_price_20240710.csv,31.29,31.8425,32.585,32.5492,31.9047,-0.1639,-4.8438,-3.7915,1.6694,-11.9942,3965666.1,0.5168,32.8,36.3,36.3,30.35,29.7,29.7,-4.3731,-6.5521,-6.4492,-4.5594,-7.1646,-16.1157,-16.1157,2.5253,2.5253
20240711,2607,榮運,TWSE,31.15,31.95,31.05,31.4,4166094.0,131037492.0,TWSE_RWD_JSON_MI_INDEX,data/daily_price/daily_price_20240711.csv,31.18,31.8125,32.6083,32.5304,31.8626,3.1199,-1.7214,-1.875,4.6667,-6.6865,4101786.45,1.0157,32.8,36.3,36.3,30.35,29.95,29.7,-1.2967,-3.7056,-3.475,-1.4519,-4.2683,-13.4986,-13.4986,4.8414,5.7239
20240712,2607,榮運,TWSE,31.65,31.65,31.25,31.3,1125868.0,35328266.0,TWSE_RWD_JSON_MI_INDEX,data/daily_price/daily_price_20240712.csv,31.05,31.7725,32.6192,32.5188,31.8157,-0.3185,-2.0344,-2.4922,2.1207,-4.2813,4032604.55,0.2792,32.8,36.3,36.3,30.35,30.3,29.7,-1.4871,-4.0441,-3.7478,-1.6209,-4.5732,-13.7741,-13.7741,3.3003,5.3872
20240715,2607,榮運,TWSE,31.4,31.4,31.0,31.1,1378913.0,42865874.0,TWSE_RWD_JSON_MI_INDEX,data/daily_price/daily_price_20240715.csv,30.95,31.7325,32.6258,32.5,31.7561,-0.639,-1.5823,-2.5078,1.3029,-6.7466,4001186.95,0.3446,32.8,36.3,36.3,30.35,30.3,29.7,-1.9932,-4.6768,-4.3077,-2.066,-5.1829,-14.3251,-14.3251,2.6403,4.7138
20240716,2607,榮運,TWSE,31.15,31.35,30.9,31.0,1345224.0,41776050.0,TWSE_RWD_JSON_MI_INDEX,data/daily_price/daily_price_20240716.csv,31.05,31.695,32.6308,32.48,31.6931,-0.3215,1.6393,-2.3622,0.9772,-7.1856,3909668.05,0.3441,32.8,36.3,36.3,30.35,30.35,29.7,-2.1928,-4.9978,-4.5567,-2.1868,-5.4878,-14.6006,-14.6006,2.1417,4.3771
20240717,2607,榮運,TWSE,31.3,31.45,31.05,31.25,1587792.0,49610526.0,TWSE_RWD_JSON_MI_INDEX,data/daily_price/daily_price_20240717.csv,31.21,31.6575,32.6317,32.4638,31.6561,0.8065,2.6273,-2.3438,0.1603,-5.8735,3563543.55,0.4456,32.8,36.3,36.3,30.35,30.35,29.7,-1.2872,-4.2341,-3.7388,-1.283,-4.7256,-13.9118,-13.9118,2.9654,5.2189
20240718,2607,榮運,TWSE,31.4,31.4,31.1,31.2,1694867.0,52904961.0,TWSE_RWD_JSON_MI_INDEX,data/daily_price/daily_price_20240718.csv,31.17,31.5925,32.6333,32.4538,31.6181,-0.16,-0.6369,-4.0,0.3215,-3.7037,3169500.5,0.5347,32.8,36.3,36.3,30.35,30.35,29.7,-1.2424,-4.3922,-3.8632,-1.3224,-4.878,-14.0496,-14.0496,2.8007,5.0505
20240719,2607,榮運,TWSE,31.2,31.2,30.3,30.4,4421302.0,135179361.0,TWSE_RWD_JSON_MI_INDEX,data/daily_price/daily_price_20240719.csv,30.99,31.495,32.605,32.4375,31.5166,-2.5641,-2.8754,-6.0278,-5.296,-6.0278,2969259.15,1.489,32.6,36.3,36.3,30.3,30.3,29.7,-3.4767,-6.7628,-6.2813,-3.543,-6.7485,-16.2534,-16.2534,0.33,2.3569
20240722,2607,榮運,TWSE,30.3,30.4,29.6,30.25,3192380.0,95718867.0,TWSE_RWD_JSON_MI_INDEX,data/daily_price/daily_price_20240722.csv,30.82,31.415,32.5783,32.4167,31.4111,-0.4934,-2.7331,-5.0235,-5.0235,-7.6336,2657121.6,1.2014,32.6,36.3,36.3,29.6,29.6,29.6,-3.7084,-7.1469,-6.6838,-3.6964,-7.2086,-16.6667,-16.6667,2.1959,2.1959
20240723,2607,榮運,TWSE,30.25,30.85,30.25,30.75,1563075.0,47920284.0,TWSE_RWD_JSON_MI_INDEX,data/daily_price/daily_price_20240723.csv,30.77,31.3225,32.5417,32.4021,31.356,1.6529,-0.8065,-5.6748,-6.6768,-5.3846,2445492.95,0.6392,32.5,36.3,36.3,29.6,29.6,29.6,-1.8278,-5.5058,-5.0987,-1.9326,-5.3846,-15.2893,-15.2893,3.8851,3.8851
20240726,2607,榮運,TWSE,30.35,30.45,30.05,30.2,1764228.0,53273573.0,TWSE_RWD_JSON_MI_INDEX,data/daily_price/daily_price_20240726.csv,30.56,31.22,32.4708,32.3842,31.2596,-1.7886,-3.36,-6.3566,-12.3367,-6.6461,2372500.2,0.7436,32.25,36.3,36.3,29.6,29.6,29.6,-3.2671,-6.9935,-6.7446,-3.3898,-6.3566,-16.8044,-16.8044,2.027,2.027
20240729,2607,榮運,TWSE,30.35,30.4,30.05,30.05,1378625.0,41654253.0,TWSE_RWD_JSON_MI_INDEX,data/daily_price/daily_price_20240729.csv,30.33,31.135,32.4108,32.3642,31.1588,-0.4967,-3.6859,-5.3543,-10.6984,-7.396,2285737.75,0.6031,32.25,36.3,36.3,29.6,29.6,29.6,-3.4848,-7.2841,-7.1504,-3.5587,-6.8217,-17.2176,-17.2176,1.5203,1.5203
20240730,2607,榮運,TWSE,30.05,30.55,29.95,30.45,1402254.0,42365754.0,TWSE_RWD_JSON_MI_INDEX,data/daily_price/daily_price_20240730.csv,30.34,31.07,32.3483,32.3362,31.0998,1.3311,0.1645,-4.0945,-10.9649,-9.9112,2215496.8,0.6329,32.25,36.3,36.3,29.6,29.6,29.6,-1.9955,-5.8684,-5.8332,-2.0893,-5.5814,-16.1157,-16.1157,2.8716,2.8716
20240731,2607,榮運,TWSE,30.45,31.1,30.35,30.9,1418951.0,43836710.0,TWSE_RWD_JSON_MI_INDEX,data/daily_price/daily_price_20240731.csv,30.47,31.03,32.2925,32.3121,31.0831,1.4778,2.1488,-2.5237,-9.781,-8.5799,2152117.1,0.6593,32.25,36.3,36.3,29.6,29.6,29.6,-0.4189,-4.3121,-4.3701,-0.5892,-4.186,-14.876,-14.876,4.3919,4.3919
20240801,2607,榮運,TWSE,31.05,31.6,30.9,31.5,2182047.0,68491208.0,TWSE_RWD_JSON_MI_INDEX,data/daily_price/daily_price_20240801.csv,30.62,31.01,32.2583,32.2917,31.1179,1.9417,2.439,-1.2539,-6.1103,-7.2165,2174013.9,1.0037,32.25,36.3,36.3,29.6,29.6,29.6,1.5801,-2.3508,-2.4516,1.228,-2.3256,-13.2231,-13.2231,6.4189,6.4189
20240802,2607,榮運,TWSE,31.1,31.55,30.85,31.0,1709590.0,53281796.0,TWSE_RWD_JSON_MI_INDEX,data/daily_price/daily_price_20240802.csv,30.78,30.96,32.2117,32.2671,31.108,-1.5873,2.649,-3.125,-8.284,-8.6892,2163730.15,0.7901,32.15,36.3,36.3,29.6,29.6,29.6,0.1292,-3.7616,-3.9269,-0.3473,-3.577,-14.6006,-14.6006,4.7297,4.7297
20240805,2607,榮運,TWSE,30.45,30.45,28.8,28.85,3561922.0,104462167.0,TWSE_RWD_JSON_MI_INDEX,data/daily_price/daily_price_20240805.csv,30.54,30.805,32.135,32.2296,30.9199,-6.9355,-3.9933,-9.7027,-13.7519,-13.4933,2263406.75,1.5737,32.1,36.3,36.3,28.8,28.8,28.8,-6.3464,-10.2225,-10.486,-6.6943,-10.1246,-20.5234,-20.5234,0.1736,0.1736
20240806,2607,榮運,TWSE,29.35,30.1,28.65,29.55,2434580.0,71397788.0,TWSE_RWD_JSON_MI_INDEX,data/daily_price/daily_price_20240806.csv,30.36,30.685,32.0658,32.1983,30.8057,2.4263,-2.9557,-7.5117,-12.3145,-11.2613,2275488.25,1.0699,31.95,36.3,36.3,28.65,28.65,28.65,-3.6989,-7.8458,-8.2251,-4.0762,-7.5117,-18.595,-18.595,3.1414,3.1414
20240807,2607,榮運,TWSE,29.65,31.05,29.65,30.9,2381674.0,72619299.0,TWSE_RWD_JSON_MI_INDEX,data/daily_price/daily_price_20240807.csv,30.36,30.65,32.0117,32.1758,30.8136,4.5685,0.0,-2.2152,-9.5168,-8.0357,2185805.65,1.0896,31.95,36.3,36.3,28.65,28.65,28.65,0.8157,-3.4727,-3.9652,0.2805,-3.2864,-14.876,-14.876,7.8534,7.8534
20240808,2607,榮運,TWSE,30.3,30.6,30.1,30.2,1098044.0,33310146.0,TWSE_RWD_JSON_MI_INDEX,data/daily_price/daily_price_20240808.csv,30.1,30.635,31.9492,32.1554,30.7624,-2.2654,-4.127,-0.9836,-11.0457,-7.5038,2092847.7,0.5247,31.95,35.0,36.3,28.65,28.65,28.65,-1.4199,-5.4748,-6.0811,-1.8283,-5.4773,-13.7143,-16.8044,5.4101,5.4101
20240809,2607,榮運,TWSE,30.65,30.95,30.6,30.65,1604979.0,49339504.0,TWSE_RWD_JSON_MI_INDEX,data/daily_price/daily_price_20240809.csv,30.03,30.645,31.8892,32.1417,30.7531,1.4901,-1.129,0.6568,-10.5109,-5.1084,2070620.45,0.7751,31.95,35.0,36.3,28.65,28.65,28.65,0.0163,-3.8859,-4.6409,-0.3352,-4.0689,-12.4286,-15.5647,6.9808,6.9808
20240812,2607,榮運,TWSE,30.8,31.3,30.8,31.1,1366093.0,42524648.0,TWSE_RWD_JSON_MI_INDEX,data/daily_price/daily_price_20240812.csv,30.48,30.63,31.8442,32.1342,30.782,1.4682,7.799,-0.9554,-7.9882,-2.8125,1930620.4,0.7076,31.65,35.0,36.3,28.65,28.65,28.65,1.5344,-2.3369,-3.2183,1.0331,-1.7378,-11.1429,-14.3251,8.5515,8.5515
20240813,2607,榮運,TWSE,31.6,31.85,31.1,31.5,2333730.0,73502454.0,TWSE_RWD_JSON_MI_INDEX,data/daily_price/daily_price_20240813.csv,30.87,30.64,31.7992,32.1279,30.8418,1.2862,6.599,0.639,-7.8947,-2.3256,1991013.5,1.1721,31.85,35.0,36.3,28.65,28.65,28.65,2.8068,-0.9408,-1.9544,2.1341,-1.0989,-10.0,-13.2231,9.9476,9.9476
20240814,2607,榮運,TWSE,31.9,32.7,31.75,32.05,5465812.0,175922875.0,TWSE_RWD_JSON_MI_INDEX,data/daily_price/daily_price_20240814.csv,31.1,30.6875,31.7692,32.1217,30.9425,1.746,3.7217,3.0547,-5.3176,-2.2866,2195358.45,2.4897,32.7,35.0,36.3,28.65,28.65,28.65,4.4399,0.884,-0.2231,3.5792,-1.9878,-8.4286,-11.708,11.8674,11.8674
20240815,2607,榮運,TWSE,32.2,32.2,31.6,31.6,1730856.0,55044031.0,TWSE_RWD_JSON_MI_INDEX,data/daily_price/daily_price_20240815.csv,31.38,30.7175,31.7425,32.1092,30.9973,-1.4041,4.6358,1.9355,-4.8193,-4.5317,2214640.05,0.7816,32.7,35.0,36.3,28.65,28.65,28.65,2.873,-0.4489,-1.5857,1.9444,-3.3639,-9.7143,-12.9477,10.2967,10.2967
20240816,2607,榮運,TWSE,31.95,32.0,31.4,31.4,1475286.0,46546081.0,TWSE_RWD_JSON_MI_INDEX,data/daily_price/daily_price_20240816.csv,31.53,30.725,31.7217,32.0933,31.0309,-0.6329,2.447,0.48,-3.8285,-5.7057,2209014.75,0.6678,32.7,35.0,36.3,28.65,28.65,28.65,2.1969,-1.014,-2.1604,1.1896,-3.9755,-10.2857,-13.4986,9.5986,9.5986
20240819,2607,榮運,TWSE,31.45,31.5,31.1,31.5,967533.0,30342038.0,TWSE_RWD_JSON_MI_INDEX,data/daily_price/daily_price_20240819.csv,31.61,30.74,31.7025,32.075,31.0699,0.3185,1.2862,0.9615,-3.5222,-6.5282,2172648.05,0.4453,32.7,35.0,36.3,28.65,28.65,28.65,2.4723,-0.6388,-1.7927,1.3841,-3.6697,-10.0,-13.2231,9.9476,9.9476
20240820,2607,榮運,TWSE,31.5,31.75,31.3,31.3,1053443.0,33100406.0,TWSE_RWD_CSV_MI_INDEX,data/daily_price/daily_price_20240820.csv,31.57,30.785,31.69,32.06,31.0891,-0.6349,-0.6349,2.9605,-2.3401,-5.4381,2004255.1,0.5256,32.7,35.0,36.3,28.65,28.65,28.65,1.6729,-1.2307,-2.3706,0.6783,-4.2813,-10.5714,-13.7741,9.2496,9.2496
20240821,2607,榮運,TWSE,31.3,31.55,31.2,31.35,812832.0,25470959.0,TWSE_RWD_JSON_MI_INDEX,data/daily_price/daily_price_20240821.csv,31.43,30.84,31.675,32.0471,31.1109,0.1597,-2.1841,3.6364,-2.7907,-4.7112,1885277.7,0.4311,32.7,35.0,36.3,28.65,28.65,28.65,1.6537,-1.026,-2.1752,0.7687,-4.1284,-10.4286,-13.6364,9.4241,9.4241
20240822,2607,榮運,TWSE,31.35,31.35,31.05,31.05,816979.0,25446192.0,TWSE_RWD_JSON_MI_INDEX,data/daily_price/daily_price_20240822.csv,31.32,30.855,31.6242,32.035,31.1058,-0.9569,-1.7405,0.9756,-8.9443,-4.4615,1847972.9,0.4421,32.7,35.0,36.3,28.65,28.65,28.65,0.632,-1.8156,-3.0748,-0.1793,-5.0459,-11.2857,-14.4628,8.377,8.377
20240823,2607,榮運,TWSE,31.05,31.25,30.85,31.15,956915.0,29722787.0,TWSE_RWD_JSON_MI_INDEX,data/daily_price/daily_price_20240823.csv,31.27,30.9025,31.5758,32.0162,31.1095,0.3221,-0.7962,3.1457,-8.5169,-6.7365,1807607.25,0.5294,32.7,35.0,36.3,28.65,28.65,28.65,0.8009,-1.3486,-2.7057,0.1303,-4.7401,-11.0,-14.1873,8.726,8.726
20240826,2607,榮運,TWSE,31.3,31.8,31.1,31.15,1579223.0,49654016.0,TWSE_RWD_JSON_MI_INDEX,data/daily_price/daily_price_20240826.csv,31.2,30.9575,31.5283,32.0021,31.1128,0.0,-1.1111,3.6606,-8.3824,-5.175,1817637.15,0.8688,32.7,34.35,36.3,28.65,28.65,28.65,0.6218,-1.2,-2.6626,0.1194,-4.7401,-9.3159,-14.1873,8.726,8.726
20240827,2607,榮運,TWSE,31.05,31.2,30.85,31.0,780244.0,24171998.0,TWSE_RWD_JSON_MI_INDEX,data/daily_price/daily_price_20240827.csv,31.14,30.985,31.485,31.9838,31.1034,-0.4815,-0.9585,1.8062,-7.7381,-6.6265,1786536.65,0.4367,32.7,34.05,36.3,28.65,28.65,28.65,0.0484,-1.5404,-3.0758,-0.3326,-5.1988,-8.9574,-14.6006,8.2024,8.2024
20240828,2607,榮運,TWSE,31.1,31.25,30.95,31.0,548510.0,17024536.0,TWSE_RWD_JSON_MI_INDEX,data/daily_price/daily_price_20240828.csv,31.07,30.99,31.4425,31.9621,31.0948,0.0,-1.1164,0.3236,-7.6006,-7.7381,1743014.6,0.3147,32.7,33.95,36.3,28.65,28.65,28.65,0.0323,-1.4073,-3.0101,-0.305,-5.1988,-8.6892,-14.6006,8.2024,8.2024
20240829,2607,榮運,TWSE,30.95,31.1,30.85,31.05,495174.0,15348372.0,TWSE_RWD_JSON_MI_INDEX,data/daily_price/daily_price_20240829.csv,31.07,30.9675,31.4075,31.9433,31.0911,0.1613,0.0,-1.4286,-6.3348,-6.7568,1658670.95,0.2985,32.7,33.95,36.3,28.65,28.65,28.65,0.2664,-1.1383,-2.7966,-0.1322,-5.0459,-8.542,-14.4628,8.377,8.377
20240830,2607,榮運,TWSE,31.1,31.3,31.1,31.3,1039358.0,32468630.0,TWSE_RWD_JSON_MI_INDEX,data/daily_price/daily_price_20240830.csv,31.1,30.9825,31.3842,31.9242,31.1085,0.8052,0.4815,0.9677,-4.2813,-6.8452,1625159.35,0.6395,32.7,33.95,36.3,28.65,28.65,28.65,1.0248,-0.2682,-1.9552,0.6156,-4.2813,-7.8056,-13.7741,9.2496,9.2496
20240902,2607,榮運,TWSE,31.45,31.45,30.8,30.8,1143784.0,35443433.0,TWSE_RWD_JSON_MI_INDEX,data/daily_price/daily_price_20240902.csv,31.03,31.08,31.35,31.9,31.0828,-1.5974,-1.1236,6.7591,-6.2405,-8.6053,1504252.45,0.7604,32.7,33.95,36.3,28.65,28.65,28.65,-0.9009,-1.7544,-3.4483,-0.9098,-5.8104,-9.2784,-15.1515,7.5044,7.5044
20240903,2607,榮運,TWSE,30.7,31.0,30.7,30.75,781785.0,24114685.0,TWSE_RWD_JSON_MI_INDEX,data/daily_price/daily_price_20240903.csv,30.98,31.14,31.3042,31.8704,31.0551,-0.1623,-0.8065,4.0609,-8.209,-10.3499,1421612.7,0.5499,32.7,33.8,36.3,29.65,28.65,28.65,-1.2524,-1.7703,-3.5155,-0.9823,-5.9633,-9.0237,-15.2893,7.3298,7.3298
20240904,2607,榮運,TWSE,30.2,30.2,29.55,29.6,3279972.0,97653151.0,TWSE_RWD_JSON_MI_INDEX,data/daily_price/daily_price_20240904.csv,30.7,31.075,31.2392,31.8271,30.9338,-3.7398,-4.5161,-4.2071,-11.6418,-14.9425,1466527.6,2.2366,32.7,33.8,36.3,29.55,28.65,28.65,-4.7466,-5.2472,-6.9974,-4.3118,-9.4801,-12.426,-18.4573,3.3159,3.3159
20240905,2607,榮運,TWSE,30.0,30.0,29.55,29.55,1352530.0,40305490.0,TWSE_RWD_JSON_MI_INDEX,data/daily_price/daily_price_20240905.csv,30.4,31.0425,31.1933,31.8025,30.8185,-0.1689,-4.8309,-2.1523,-8.5139,-9.0769,1479251.9,0.9143,32.7,32.8,36.3,29.55,28.65,28.65,-4.8079,-5.2682,-7.0828,-4.116,-9.633,-9.9085,-18.595,3.1414,3.1414
20240906,2607,榮運,TWSE,29.9,30.05,29.5,29.85,815055.0,24361187.0,TWSE_RWD_JSON_MI_INDEX,data/daily_price/daily_price_20240906.csv,30.11,31.0025,31.1633,31.7792,30.7378,1.0152,-4.6326,-2.6101,-5.6872,-8.5758,1439755.7,0.5661,32.7,32.8,36.3,29.5,28.65,28.65,-3.7174,-4.2144,-6.0705,-2.8882,-8.7156,-8.9939,-17.7686,4.1885,4.1885
20240909,2607,榮運,TWSE,29.2,29.5,29.15,29.4,1193657.0,34986710.0,TWSE_RWD_JSON_MI_INDEX,data/daily_price/daily_price_20240909.csv,29.83,30.9175,31.12,31.7596,30.6263,-1.5075,-4.5455,-5.4662,-8.125,-7.4016,1431133.9,0.8341,32.7,32.8,36.3,29.15,28.65,28.65,-4.9082,-5.527,-7.4295,-4.0041,-10.0917,-10.3659,-19.0083,2.6178,2.6178
20240910,2607,榮運,TWSE,29.5,29.8,29.4,29.4,851237.0,25181226.0,TWSE_RWD_JSON_MI_INDEX,data/daily_price/daily_price_20240910.csv,29.56,30.8125,31.075,31.7438,30.5241,0.0,-4.3902,-6.6667,-8.4112,-6.0703,1357009.25,0.6273,32.7,32.8,36.3,29.15,28.65,28.65,-4.5842,-5.3902,-7.3833,-3.6827,-10.0917,-10.3659,-19.0083,2.6178,2.6178
20240911,2607,榮運,TWSE,29.65,29.95,29.45,29.65,708940.0,21097284.0,TWSE_RWD_JSON_MI_INDEX,data/daily_price/daily_price_20240911.csv,29.57,30.6925,31.0375,31.7283,30.4513,0.8503,0.1689,-7.4883,-7.0533,-5.873,1119165.65,0.6335,32.2,32.8,36.3,29.15,28.65,28.65,-3.3966,-4.4704,-6.5504,-2.6313,-7.9193,-9.6037,-18.3196,3.4904,3.4904
20240912,2607,榮運,TWSE,29.95,30.3,29.85,30.2,828491.0,24954531.0,TWSE_RWD_JSON_MI_INDEX,data/daily_price/daily_price_20240912.csv,29.7,30.6225,31.0117,31.7192,30.4303,1.855,2.1997,-4.4304,-4.8819,-3.5144,1074047.4,0.7714,32.0,32.8,36.3,29.15,28.65,28.65,-1.3797,-2.6173,-4.7894,-0.7569,-5.625,-7.9268,-16.8044,5.4101,5.4101
20240913,2607,榮運,TWSE,30.35,30.65,30.1,30.55,1000235.0,30432901.0,TWSE_RWD_JSON_MI_INDEX,data/daily_price/daily_price_20240913.csv,29.84,30.58,30.9875,31.7112,30.4403,1.1589,2.3451,-2.707,-4.5312,-3.0159,1050294.85,0.9523,31.8,32.8,36.3,29.15,28.65,28.65,-0.0981,-1.4119,-3.6619,0.3604,-3.9308,-6.8598,-15.8402,6.6318,6.6318
20240916,2607,榮運,TWSE,30.6,30.95,30.55,30.8,693096.0,21342004.0,TWSE_RWD_JSON_MI_INDEX,data/daily_price/daily_price_20240916.csv,30.12,30.545,30.9592,31.7058,30.4703,0.8183,4.7619,-2.2222,-5.2308,-2.0668,1036573.0,0.6686,31.8,32.8,36.3,29.15,28.65,28.65,0.8348,-0.5141,-2.857,1.0821,-3.1447,-6.0976,-15.1515,7.5044,7.5044
20240918,2607,榮運,TWSE,31.0,31.3,30.95,31.1,1299297.0,40463107.0,TWSE_RWD_JSON_MI_INDEX,data/daily_price/daily_price_20240918.csv,30.46,30.535,30.9383,31.7021,30.5228,0.974,5.7823,-0.639,-3.864,-1.4263,1048865.7,1.2388,31.8,32.7,36.3,29.15,28.65,28.65,1.8503,0.5225,-1.8992,1.8912,-2.2013,-4.893,-14.3251,8.5515,8.5515
20240919,2607,榮運,TWSE,31.0,31.2,30.9,30.9,767019.0,23775195.0,TWSE_RWD_JSON_MI_INDEX,data/daily_price/daily_price_20240919.csv,30.71,30.5125,30.9225,31.7012,30.5542,-0.6431,4.2159,-1.4354,-2.9827,-0.3226,1046575.05,0.7329,31.8,32.7,36.3,29.15,28.65,28.65,1.27,-0.0728,-2.5275,1.1318,-2.8302,-5.5046,-14.876,7.8534,7.8534
20240920,2607,榮運,TWSE,31.2,31.25,30.9,31.15,866104.0,26917076.0,TWSE_RWD_JSON_MI_INDEX,data/daily_price/daily_price_20240920.csv,30.9,30.5175,30.8983,31.6992,30.6038,0.8091,3.1457,0.3221,-4.4479,-0.7962,1049031.3,0.8256,31.8,32.7,36.3,29.15,28.65,28.65,2.0726,0.8145,-1.7324,1.7846,-2.044,-4.7401,-14.1873,8.726,8.726
20240923,2607,榮運,TWSE,31.3,31.3,31.05,31.1,648830.0,20220056.0,TWSE_RWD_JSON_MI_INDEX,data/daily_price/daily_price_20240923.csv,31.01,30.515,30.8792,31.6979,30.6452,-0.1605,1.8003,-0.1605,-3.5659,-0.48,1033627.05,0.6277,31.8,32.7,36.3,29.15,28.65,28.65,1.9171,0.7152,-1.8863,1.4841,-2.2013,-4.893,-14.3251,8.5515,8.5515
20240924,2607,榮運,TWSE,31.0,31.55,31.0,31.25,1641272.0,51431265.0,TWSE_RWD_JSON_MI_INDEX,data/daily_price/daily_price_20240924.csv,31.1,30.52,30.8708,31.6971,30.6956,0.4823,1.461,0.321,-1.5748,-0.319,1036729.5,1.5831,31.55,32.7,36.3,29.15,28.65,28.65,2.3919,1.2282,-1.4105,1.8062,-0.9509,-4.4343,-13.9118,9.075,9.075
20240925,2607,榮運,TWSE,31.35,31.5,31.2,31.3,1351850.0,42351199.0,TWSE_RWD_JSON_MI_INDEX,data/daily_price/daily_price_20240925.csv,31.14,30.535,30.8633,31.6954,30.746,0.16,0.6431,0.9677,-1.4173,-0.6349,1065309.8,1.269,31.55,32.7,36.3,29.15,28.65,28.65,2.5053,1.4148,-1.2476,1.802,-0.7924,-4.2813,-13.7741,9.2496,9.2496
20240926,2607,榮運,TWSE,31.45,31.65,31.05,31.05,1829281.0,57288919.0,TWSE_RWD_JSON_MI_INDEX,data/daily_price/daily_price_20240926.csv,31.17,30.5375,30.8525,31.6925,30.7713,-0.7987,0.4854,0.1613,-2.0505,-1.1146,1129348.35,1.6198,31.65,32.7,36.3,29.15,28.65,28.65,1.6783,0.6401,-2.0273,0.9057,-1.8957,-5.0459,-14.4628,8.377,8.377
20240927,2607,榮運,TWSE,31.2,31.4,31.05,31.15,1641382.0,51256531.0,TWSE_RWD_JSON_MI_INDEX,data/daily_price/daily_price_20240927.csv,31.17,30.5425,30.84,31.69,30.8029,0.3221,0.0,0.3221,-2.3511,-0.9539,1186658.75,1.3832,31.65,32.7,36.3,29.15,28.65,28.65,1.989,1.0052,-1.704,1.127,-1.5798,-4.7401,-14.1873,8.726,8.726
20240930,2607,榮運,TWSE,31.25,31.45,31.0,31.05,810528.0,25298583.0,TWSE_RWD_JSON_MI_INDEX,data/daily_price/daily_price_20240930.csv,31.16,30.53,30.8242,31.6883,30.8234,-0.321,-0.1608,-0.7987,-2.9687,-0.64,1175217.25,0.6897,31.65,32.7,36.3,29.15,28.65,28.65,1.7032,0.7327,-2.0144,0.735,-1.8957,-5.0459,-14.4628,8.377,8.377
20241001,2607,榮運,TWSE,31.15,31.15,30.9,31.15,512981.0,15941749.0,TWSE_RWD_JSON_MI_INDEX,data/daily_price/daily_price_20241001.csv,31.14,30.5475,30.8108,31.685,30.8507,0.3221,-0.32,1.1364,-2.5039,-1.2678,1143677.1,0.4485,31.65,32.7,36.3,29.15,28.65,28.65,1.9723,1.1008,-1.6885,0.9703,-1.5798,-4.7401,-14.1873,8.726,8.726
20241004,2607,榮運,TWSE,31.0,31.0,30.45,30.45,2098543.0,64254756.0,TWSE_RWD_JSON_MI_INDEX,data/daily_price/daily_price_20241004.csv,30.97,30.5325,30.7858,31.6746,30.8173,-2.2472,-2.7157,-0.9756,-4.6948,-3.9432,1209515.0,1.735,31.65,32.7,36.3,29.15,28.65,28.65,-0.2702,-1.0909,-3.8661,-1.1918,-3.7915,-6.8807,-16.1157,6.2827,6.2827
20241007,2607,榮運,TWSE,30.8,30.8,30.45,30.45,720229.0,21997784.0,TWSE_RWD_JSON_MI_INDEX,data/daily_price/daily_price_20241007.csv,30.85,30.575,30.7667,31.6721,30.7867,0.0,-1.9324,2.8716,-3.6392,-0.9756,1081527.85,0.6659,31.65,32.7,36.3,29.15,28.65,28.65,-0.4088,-1.0293,-3.8586,-1.0935,-3.7915,-6.8807,-16.1157,6.2827,6.2827
20241008,2607,榮運,TWSE,30.4,30.65,30.2,30.2,1082451.0,32870304.0,TWSE_RWD_JSON_MI_INDEX,data/daily_price/daily_price_20241008.csv,30.66,30.6075,30.7617,31.6692,30.7378,-0.821,-3.0498,2.1997,-0.9836,-1.1457,1068023.9,1.0135,31.65,32.7,36.3,29.15,28.65,28.65,-1.3314,-1.8259,-4.6391,-1.7496,-4.5814,-7.6453,-16.8044,5.4101,5.4101
20241009,2607,榮運,TWSE,30.25,30.4,30.0,30.05,1095015.0,33015066.0,TWSE_RWD_JSON_MI_INDEX,data/daily_price/daily_price_20241009.csv,30.46,30.6175,30.755,31.67,30.6805,-0.4967,-3.2206,0.67,-1.3136,0.3339,1082021.9,1.012,31.65,32.7,36.3,29.15,28.65,28.65,-1.8535,-2.2923,-5.1153,-2.0549,-5.0553,-8.104,-17.2176,4.8866,4.8866
20241011,2607,榮運,TWSE,30.0,30.2,29.75,29.95,1349741.0,40425677.0,TWSE_RWD_JSON_MI_INDEX,data/daily_price/daily_price_20241011.csv,30.22,30.645,30.7308,31.6696,30.6196,-0.3328,-3.8523,1.8707,-4.6178,-0.1667,1089826.1,1.2385,31.65,32.7,36.3,29.4,28.65,28.65,-2.2679,-2.5409,-5.4298,-2.1868,-5.3712,-8.4098,-17.4931,4.5375,4.5375
20241014,2607,榮運,TWSE,30.15,30.15,29.85,29.95,540641.0,16209275.0,TWSE_RWD_JSON_MI_INDEX,data/daily_price/daily_price_20241014.csv,30.12,30.6725,30.7083,31.6638,30.5638,0.0,-1.642,1.8707,-4.3131,-2.2838,1074296.3,0.5033,31.65,32.7,36.3,29.45,28.65,28.65,-2.3555,-2.4695,-5.4123,-2.0082,-5.3712,-8.4098,-17.4931,4.5375,4.5375
20241015,2607,榮運,TWSE,30.2,30.3,30.0,30.3,937378.0,28255446.0,TWSE_RWD_JSON_MI_INDEX,data/daily_price/daily_price_20241015.csv,30.09,30.705,30.695,31.6604,30.5418,1.1686,-0.4926,2.1922,-2.5723,-1.3029,1085718.2,0.8634,31.65,32.7,36.3,29.75,28.65,28.65,-1.319,-1.2869,-4.2969,-0.7917,-4.2654,-7.3394,-16.5289,5.7592,5.7592
20241016,2607,榮運,TWSE,30.25,30.25,29.9,30.2,1420048.0,42758425.0,TWSE_RWD_JSON_MI_INDEX,data/daily_price/daily_price_20241016.csv,30.09,30.705,30.6817,31.6562,30.5133,-0.33,0.0,0.0,-2.5806,-1.6287,1115296.05,1.2732,31.65,32.7,36.3,29.75,28.65,28.65,-1.6447,-1.5699,-4.6002,-1.0268,-4.5814,-7.6453,-16.8044,5.4101,5.4101
20241017,2607,榮運,TWSE,30.3,30.65,30.25,30.4,1224066.0,37321808.0,TWSE_RWD_JSON_MI_INDEX,data/daily_price/daily_price_20241017.csv,30.16,30.6975,30.6675,31.6496,30.5039,0.6623,1.1647,-0.491,-2.72,-2.5641,1126487.6,1.0866,31.65,32.7,36.3,29.75,28.65,28.65,-0.9691,-0.8723,-3.9482,-0.3405,-3.9494,-7.0336,-16.2534,6.1082,6.1082
20241018,2607,榮運,TWSE,30.55,30.8,30.4,30.65,801167.0,24546920.0,TWSE_RWD_JSON_MI_INDEX,data/daily_price/daily_price_20241018.csv,30.3,30.69,30.6583,31.6458,30.5161,0.8224,2.3372,-0.487,-1.7628,-1.4469,1131891.15,0.7078,31.65,32.7,36.3,29.75,28.65,28.65,-0.1303,-0.0272,-3.1468,0.4389,-3.1596,-6.2691,-15.5647,6.9808,6.9808
20241021,2607,榮運,TWSE,30.9,30.9,30.55,30.55,1092405.0,33503023.0,TWSE_RWD_JSON_MI_INDEX,data/daily_price/daily_price_20241021.csv,30.42,30.6625,30.6608,31.6329,30.5189,-0.3263,2.0033,-1.7685,0.4934,-4.8287,1121546.55,0.974,31.65,32.7,36.3,29.75,28.65,28.65,-0.3669,-0.3615,-3.4234,0.102,-3.4755,-6.5749,-15.8402,6.6318,6.6318
20241022,2607,榮運,TWSE,30.7,30.7,30.35,30.35,409468.0,12471530.0,TWSE_RWD_JSON_MI_INDEX,data/daily_price/daily_price_20241022.csv,30.43,30.635,30.6625,31.6204,30.5048,-0.6547,0.165,-1.7799,0.3306,-4.7096,1103669.0,0.371,31.65,32.7,36.3,29.75,28.65,28.65,-0.9303,-1.0192,-4.0177,-0.5075,-4.1074,-7.1865,-16.3912,5.9337,5.9337
20241023,2607,榮運,TWSE,30.3,30.45,30.2,30.35,587150.0,17787429.0,TWSE_RWD_JSON_MI_INDEX,data/daily_price/daily_price_20241023.csv,30.46,30.595,30.6558,31.5988,30.4919,0.0,0.4967,-2.5682,-1.3008,-7.8907,1089721.3,0.5388,31.65,32.7,36.3,29.75,28.65,28.65,-0.8008,-0.9976,-3.9519,-0.4654,-4.1074,-7.1865,-16.3912,5.9337,5.9337
20241024,2607,榮運,TWSE,30.3,30.35,30.15,30.2,553023.0,16734636.0,TWSE_RWD_JSON_MI_INDEX,data/daily_price/daily_price_20241024.csv,30.42,30.55,30.6558,31.5633,30.4676,-0.4942,-0.6579,-2.8939,0.0,-12.3367,1084930.95,0.5097,31.65,32.7,36.3,29.75,28.65,28.65,-1.1457,-1.4869,-4.3194,-0.8783,-4.5814,-7.6453,-16.8044,5.4101,5.4101
20241025,2607,榮運,TWSE,30.15,30.5,30.15,30.4,508000.0,15414686.0,TWSE_RWD_JSON_MI_INDEX,data/daily_price/daily_price_20241025.csv,30.37,30.5075,30.6617,31.5362,30.462,0.6623,-0.8157,-2.72,1.1647,-9.6582,1028267.35,0.494,31.65,32.7,36.3,29.75,28.65,28.65,-0.3524,-0.8534,-3.603,-0.2034,-3.9494,-7.0336,-16.2534,6.1082,6.1082
20241028,2607,榮運,TWSE,30.6,30.95,30.5,30.9,1245891.0,38253664.0,TWSE_RWD_JSON_MI_INDEX,data/daily_price/daily_price_20241028.csv,30.44,30.4875,30.6692,31.5088,30.4985,1.6447,1.1457,-1.278,1.4778,-9.6491,1022969.4,1.2179,31.65,32.7,36.3,29.75,28.65,28.65,1.353,0.7527,-1.932,1.3166,-2.3697,-5.5046,-14.876,7.8534,7.8534
20241029,2607,榮運,TWSE,31.0,31.0,30.45,30.65,1213106.0,37109355.0,TWSE_RWD_JSON_MI_INDEX,data/daily_price/daily_price_20241029.csv,30.5,30.4675,30.665,31.4788,30.5111,-0.8091,0.9885,-1.2882,-0.8091,-10.5109,992160.65,1.2227,31.45,32.7,36.3,29.75,28.65,28.65,0.599,-0.0489,-2.6327,0.4553,-2.5437,-6.2691,-15.5647,6.9808,6.9808
20241030,2607,榮運,TWSE,30.8,30.9,30.65,30.8,934626.0,28745659.0,TWSE_RWD_JSON_MI_INDEX,data/daily_price/daily_price_20241030.csv,30.59,30.45,30.6533,31.4558,30.5352,0.4894,1.4827,-1.1236,-2.2222,-8.1967,956822.85,0.9768,31.45,32.7,36.3,29.75,28.65,28.65,1.1494,0.4785,-2.0849,0.8673,-2.0668,-5.8104,-15.1515,7.5044,7.5044
20241101,2607,榮運,TWSE,30.7,31.7,30.6,31.55,3534926.0,110646017.0,TWSE_RWD_JSON_MI_INDEX,data/daily_price/daily_price_20241101.csv,30.86,30.475,30.6625,31.4371,30.6197,2.4351,4.4702,1.6103,1.7742,-6.6568,1093042.75,3.234,31.7,32.7,36.3,29.75,28.65,28.65,3.5275,2.8944,0.3592,3.0381,-0.4732,-3.5168,-13.0854,10.1222,10.1222
20241104,2607,榮運,TWSE,31.85,31.85,31.6,31.65,1797569.0,56992160.0,TWSE_RWD_JSON_MI_INDEX,data/daily_price/daily_price_20241104.csv,31.11,30.5,30.7092,31.4221,30.7056,0.317,4.1118,1.6051,9.7054,-5.3812,1157272.15,1.5533,31.85,32.7,36.3,29.75,28.65,28.65,3.7705,3.0637,0.7253,3.0757,-0.6279,-3.211,-12.8099,10.4712,10.4712
20241105,2607,榮運,TWSE,31.65,31.9,31.45,31.7,1153168.0,36557030.0,TWSE_RWD_JSON_MI_INDEX,data/daily_price/daily_price_20241105.csv,31.27,30.5625,30.745,31.4054,30.7885,0.158,2.589,4.1051,7.2758,-5.9347,1110003.4,1.0389,31.9,32.7,36.3,29.75,29.15,28.65,3.7219,3.1062,0.938,2.9607,-0.627,-3.0581,-12.6722,8.7479,10.6457
20241106,2607,榮運,TWSE,31.85,31.95,31.7,31.85,1158698.0,36867388.0,TWSE_RWD_JSON_MI_INDEX,data/daily_price/daily_price_20241106.csv,31.51,30.6325,30.7608,31.3862,30.8769,0.4732,3.9152,4.5977,3.0744,-6.735,1131926.85,1.0237,31.95,32.7,36.3,29.75,29.15,28.65,3.9745,3.5408,1.4776,3.1515,-0.313,-2.5994,-12.259,9.2624,11.1693
20241107,2607,榮運,TWSE,31.8,31.95,31.55,31.65,854347.0,27110182.0,TWSE_RWD_JSON_MI_INDEX,data/daily_price/daily_price_20241107.csv,31.68,30.705,30.785,31.3671,30.9413,-0.6279,2.7597,4.8013,4.8013,-6.7747,1120521.65,0.7625,31.95,32.7,35.0,29.75,29.15,28.65,3.0777,2.8098,0.902,2.2903,-0.939,-3.211,-9.5714,8.5763,10.4712
20241108,2607,榮運,TWSE,31.75,31.85,31.55,31.55,1062497.0,33628774.0,TWSE_RWD_JSON_MI_INDEX,data/daily_price/daily_price_20241108.csv,31.68,30.78,30.8,31.3446,30.9921,-0.316,0.0,4.9917,2.9364,-7.8832,1118895.75,0.9496,31.95,32.7,35.0,29.75,29.15,28.65,2.5016,2.4351,0.6553,1.8003,-1.252,-3.5168,-9.8571,8.2333,10.1222
20241111,2607,榮運,TWSE,31.45,31.7,31.3,31.65,1547333.0,48739662.0,TWSE_RWD_JSON_MI_INDEX,data/daily_price/daily_price_20241111.csv,31.68,30.865,30.8092,31.3267,31.0469,0.317,0.0,5.6761,1.7685,-6.3609,1128775.35,1.3708,31.95,32.7,35.0,29.85,29.15,28.65,2.5433,2.7292,1.0321,1.9426,-0.939,-3.211,-9.5714,8.5763,10.4712
20241112,2607,榮運,TWSE,31.65,31.65,30.4,30.7,3615803.0,111574491.0,TWSE_RWD_JSON_MI_INDEX,data/daily_price/daily_price_20241112.csv,31.48,30.9025,30.7958,31.2975,31.018,-3.0016,-3.1546,2.5042,-2.5397,-10.2339,1282533.45,2.8193,31.95,32.7,35.0,29.9,29.15,28.65,-0.6553,-0.3112,-1.9091,-1.0252,-3.9124,-6.1162,-12.2857,5.3173,7.1553
20241113,2607,榮運,TWSE,30.5,30.6,30.3,30.4,1183739.0,36012829.0,TWSE_RWD_JSON_MI_INDEX,data/daily_price/daily_price_20241113.csv,31.19,30.9075,30.7683,31.2688,30.9665,-0.9772,-4.5526,0.33,-5.1482,-10.192,1294851.5,0.9142,31.95,32.2,35.0,29.9,29.15,28.65,-1.642,-1.1971,-2.7783,-1.8293,-4.8513,-5.5901,-13.1429,4.2882,6.1082
20241114,2607,榮運,TWSE,30.6,30.6,30.2,30.45,1154507.0,35153821.0,TWSE_RWD_JSON_MI_INDEX,data/daily_price/daily_price_20241114.csv,30.95,30.92,30.7492,31.2458,30.9234,0.1645,-3.7915,0.8278,-3.6392,-8.2831,1281574.45,0.9009,31.95,32.0,35.0,30.15,29.15,28.65,-1.5201,-0.9729,-2.547,-1.531,-4.6948,-4.8438,-13.0,4.4597,6.2827
20241115,2607,榮運,TWSE,30.45,31.15,30.45,30.8,1205673.0,37187012.0,TWSE_RWD_JSON_MI_INDEX,data/daily_price/daily_price_20241115.csv,30.8,30.94,30.7392,31.2304,30.9132,1.1494,-2.3772,1.3158,-1.9108,-5.6662,1280654.8,0.9415,31.95,31.95,35.0,30.15,29.15,28.65,-0.4525,0.1979,-1.3782,-0.366,-3.5994,-3.5994,-12.0,5.6604,7.5044
20241118,2607,榮運,TWSE,30.8,31.0,30.65,30.8,880105.0,27169664.0,TWSE_RWD_JSON_MI_INDEX,data/daily_price/daily_price_20241118.csv,30.63,30.9475,30.7275,31.215,30.9037,0.0,-2.6856,0.4894,-2.2222,-5.6662,1284601.7,0.6851,31.95,31.95,35.0,30.15,29.15,28.65,-0.4766,0.2359,-1.3295,-0.3356,-3.5994,-3.5994,-12.0,5.6604,7.5044
20241119,2607,榮運,TWSE,31.0,31.55,30.95,31.5,1587025.0,49594251.0,TWSE_RWD_CSV_MI_INDEX,data/daily_price/daily_price_20241119.csv,30.79,30.995,30.7308,31.2104,30.9534,2.2727,2.6059,3.1097,0.639,-1.7161,1309332.7,1.2121,31.95,31.95,35.0,30.15,29.15,28.65,1.6293,2.5029,0.9278,1.7658,-1.4085,-1.4085,-10.0,8.0617,9.9476
20241120,2607,榮運,TWSE,31.45,31.8,31.35,31.35,1537259.0,48549960.0,TWSE_RWD_JSON_MI_INDEX,data/daily_price/daily_price_20241120.csv,30.98,31.045,30.7308,31.2029,30.9865,-0.4762,3.125,3.2949,0.0,-2.7907,1365722.25,1.1256,31.95,31.95,35.0,30.15,29.15,28.65,0.9824,2.0148,0.4714,1.1732,-1.8779,-1.8779,-10.4286,7.5472,9.4241
20241121,2607,榮運,TWSE,31.35,31.9,31.35,31.6,1333195.0,42314527.0,TWSE_RWD_JSON_MI_INDEX,data/daily_price/daily_price_20241121.csv,31.21,31.1075,30.74,31.1821,31.0376,0.7974,3.7767,4.1186,1.7713,-7.3314,1403024.5,0.9502,31.95,31.95,35.0,30.15,29.15,28.65,1.5832,2.7977,1.3402,1.812,-1.0955,-1.0955,-9.7143,8.4048,10.2967
20241122,2607,榮運,TWSE,31.8,31.8,31.5,31.5,932574.0,29491376.0,TWSE_RWD_JSON_MI_INDEX,data/daily_price/daily_price_20241122.csv,31.35,31.1725,30.7458,31.1608,31.0761,-0.3165,2.2727,4.3046,1.1236,-7.489,1422002.05,0.6558,31.95,31.95,35.0,30.15,29.15,28.65,1.0506,2.4529,1.0884,1.364,-1.4085,-1.4085,-10.0,8.0617,9.9476
20241125,2607,榮運,TWSE,31.7,31.75,31.45,31.75,827017.0,26181371.0,TWSE_RWD_JSON_MI_INDEX,data/daily_price/daily_price_20241125.csv,31.54,31.24,30.7558,31.1421,31.1323,0.7937,3.0844,4.4408,1.9262,-6.6176,1437952.9,0.5751,31.95,31.95,34.35,30.2,29.15,28.65,1.6325,3.2324,1.9521,1.9842,-0.626,-0.626,-7.5691,8.9194,10.8202
20241126,2607,榮運,TWSE,31.5,31.8,31.45,31.45,521457.0,16487039.0,TWSE_RWD_JSON_MI_INDEX,data/daily_price/daily_price_20241126.csv,31.53,31.2675,30.7633,31.1242,31.1588,-0.9449,-0.1587,1.7799,1.4516,-6.3988,1401731.2,0.372,31.95,31.95,34.05,30.2,29.15,28.65,0.5837,2.2321,1.0469,0.9347,-1.5649,-1.5649,-7.6358,7.8902,9.7731
20241127,2607,榮運,TWSE,31.5,31.5,30.75,30.9,964348.0,29939780.0,TWSE_RWD_JSON_MI_INDEX,data/daily_price/daily_price_20241127.csv,31.44,31.28,30.7617,31.1021,31.1372,-1.7488,-1.4354,0.8157,-0.3226,-7.8987,1389293.3,0.6941,31.95,31.95,33.95,30.2,29.15,28.65,-1.2148,0.4497,-0.6497,-0.7618,-3.2864,-3.2864,-8.9838,6.0034,7.8534
20241128,2607,榮運,TWSE,30.85,30.9,30.6,30.75,534663.0,16451856.0,TWSE_RWD_JSON_MI_INDEX,data/daily_price/daily_price_20241128.csv,31.27,31.2775,30.7567,31.0821,31.1049,-0.4854,-2.6899,-0.1623,-0.9662,-7.2398,1369295.15,0.3905,31.95,31.95,33.95,30.2,29.15,28.65,-1.6865,-0.0217,-1.0684,-1.1411,-3.7559,-3.7559,-9.4256,5.4889,7.3298
20241129,2607,榮運,TWSE,30.6,31.0,30.5,31.0,720734.0,22188373.0,TWSE_RWD_JSON_MI_INDEX,data/daily_price/daily_price_20241129.csv,31.17,31.25,30.7517,31.0679,31.0962,0.813,-1.5873,-1.7433,-0.9585,-5.1988,1228585.55,0.5866,31.95,31.95,33.95,30.2,29.15,28.65,-0.8,0.8075,-0.2186,-0.3093,-2.9734,-2.9734,-8.6892,6.3465,8.2024
20241202,2607,榮運,TWSE,31.0,31.3,30.75,31.0,695930.0,21536264.0,TWSE_RWD_JSON_MI_INDEX,data/daily_price/daily_price_20241202.csv,31.02,31.2175,30.755,31.0525,31.0882,0.0,-2.3622,-2.0537,0.6494,-5.6317,1173503.6,0.593,31.95,31.95,33.95,30.2,29.15,28.65,-0.6967,0.7966,-0.1691,-0.2836,-2.9734,-2.9734,-8.6892,6.3465,8.2024
20241203,2607,榮運,TWSE,31.1,31.25,30.9,30.95,1043086.0,32360941.0,TWSE_RWD_JSON_MI_INDEX,data/daily_price/daily_price_20241203.csv,30.92,31.18,30.7583,31.0312,31.0767,-0.1613,-1.5898,-2.3659,0.6504,-7.6119,1167999.5,0.8931,31.95,31.95,33.8,30.2,29.15,28.65,-0.7377,0.6231,-0.2618,-0.4076,-3.1299,-3.1299,-8.432,6.175,8.0279
20241204,2607,榮運,TWSE,31.0,31.05,30.85,30.95,633996.0,19620914.0,TWSE_RWD_JSON_MI_INDEX,data/daily_price/daily_price_20241204.csv,30.93,31.135,30.7808,31.01,31.0661,0.0,0.1618,-2.8257,4.5608,-7.6119,1141764.4,0.5553,31.95,31.95,33.8,30.2,29.15,28.65,-0.5942,0.5496,-0.1935,-0.3737,-3.1299,-3.1299,-8.432,6.175,8.0279
20241205,2607,榮運,TWSE,31.0,31.2,31.0,31.1,726353.0,22604914.0,TWSE_RWD_JSON_MI_INDEX,data/daily_price/daily_price_20241205.csv,31.0,31.1075,30.8067,31.0,31.0689,0.4847,1.1382,-1.7378,5.2453,-3.7152,1135364.7,0.6398,31.9,31.95,32.8,30.2,29.15,28.65,-0.0241,0.9522,0.3226,0.1,-2.5078,-2.6604,-5.1829,6.6895,8.5515
20241206,2607,榮運,TWSE,31.2,31.45,31.2,31.25,1011394.0,31667584.0,TWSE_RWD_JSON_MI_INDEX,data/daily_price/daily_price_20241206.csv,31.05,31.0925,30.83,30.9967,31.084,0.4823,0.8065,-0.9509,4.6901,-1.2638,1132809.55,0.8928,31.9,31.95,32.8,30.2,29.15,28.65,0.5066,1.3623,0.8173,0.534,-2.0376,-2.1909,-4.7256,7.2041,9.075
20241209,2607,榮運,TWSE,31.35,31.8,31.35,31.55,1673819.0,52975754.0,TWSE_RWD_JSON_MI_INDEX,data/daily_price/daily_price_20241209.csv,31.16,31.0875,30.8658,30.9929,31.1228,0.96,1.7742,-0.316,7.3129,-1.4062,1139133.85,1.4694,31.9,31.95,32.8,30.2,29.4,28.65,1.4877,2.2166,1.7975,1.3725,-1.0972,-1.252,-3.811,7.3129,10.1222
20241210,2607,榮運,TWSE,31.6,31.6,31.15,31.2,855256.0,26767974.0,TWSE_RWD_JSON_MI_INDEX,data/daily_price/daily_price_20241210.csv,31.21,31.1125,30.8958,30.9854,31.1293,-1.1094,0.8078,1.6287,6.1224,-2.8037,1001106.5,0.8543,31.9,31.95,32.8,30.2,29.45,28.65,0.2812,0.9845,0.6925,0.2272,-2.1944,-2.3474,-4.878,5.9423,8.9005
20241211,2607,榮運,TWSE,31.1,31.15,30.8,30.9,746459.0,23109920.0,TWSE_RWD_JSON_MI_INDEX,data/daily_price/daily_price_20241211.csv,31.2,31.1375,30.9167,30.9771,31.1102,-0.9615,-0.1616,1.6447,4.2159,-3.1348,979242.5,0.7623,31.9,31.95,32.8,30.2,29.75,28.65,-0.7627,-0.0539,-0.2488,-0.6756,-3.1348,-3.2864,-5.7927,3.8655,7.8534
20241212,2607,榮運,TWSE,30.95,30.95,30.7,30.7,711239.0,21928504.0,TWSE_RWD_JSON_MI_INDEX,data/daily_price/daily_price_20241212.csv,31.12,31.15,30.925,30.9683,31.076,-0.6472,-1.2862,0.821,1.6556,-3.3071,957079.1,0.7431,31.9,31.95,32.8,30.45,29.75,28.65,-1.4446,-0.7276,-0.8665,-1.2099,-3.7618,-3.9124,-6.4024,3.1933,7.1553
20241213,2607,榮運,TWSE,30.6,30.7,30.5,30.5,689110.0,21059915.0,TWSE_RWD_JSON_MI_INDEX,data/daily_price/daily_price_20241213.csv,30.97,31.135,30.9242,30.9558,31.028,-0.6515,-2.4,-0.974,-0.1637,-4.6875,931250.95,0.74,31.9,31.95,32.8,30.5,29.75,28.65,-2.0395,-1.3716,-1.4725,-1.7017,-4.3887,-4.5383,-7.0122,2.521,6.4572
20241216,2607,榮運,TWSE,30.6,31.25,30.5,30.85,2178133.0,67488118.0,TWSE_RWD_JSON_MI_INDEX,data/daily_price/daily_price_20241216.csv,30.83,31.1375,30.925,30.9421,31.0132,1.1475,-2.2187,0.1623,0.1623,-5.0769,996152.35,2.1865,31.9,31.95,32.8,30.5,29.75,28.65,-0.9233,-0.2425,-0.2976,-0.5261,-3.2915,-3.4429,-5.9451,3.6975,7.6789
20241217,2607,榮運,TWSE,30.9,31.85,30.9,31.55,4308834.0,135958060.0,TWSE_RWD_JSON_MI_INDEX,data/daily_price/daily_price_20241217.csv,30.9,31.14,30.9325,30.9354,31.0579,2.269,1.1218,0.1587,1.4469,-2.473,1132242.8,3.8056,31.9,31.95,32.7,30.5,29.75,28.65,1.3166,1.9963,1.9867,1.5845,-1.0972,-1.252,-3.5168,6.0504,10.1222
20241218,2607,榮運,TWSE,31.65,31.95,31.55,31.85,2147568.0,68290148.0,TWSE_RWD_JSON_MI_INDEX,data/daily_price/daily_price_20241218.csv,31.09,31.165,30.9483,30.9354,31.1239,0.9509,3.0744,1.5949,3.0744,0.0,1162758.25,1.847,31.95,31.95,32.7,30.5,29.75,28.65,2.198,2.9135,2.9564,2.3329,-0.313,-0.313,-2.5994,7.0588,11.1693
20241219,2607,榮運,TWSE,31.65,31.75,31.4,31.4,1532186.0,48292842.0,TWSE_RWD_JSON_MI_INDEX,data/daily_price/daily_price_20241219.csv,31.23,31.155,30.9525,30.9254,31.1469,-1.4129,2.2801,-0.6329,0.8026,-3.681,1172707.8,1.3065,31.95,31.95,32.7,30.5,29.75,28.65,0.7864,1.4458,1.5346,0.8126,-1.7214,-1.7214,-3.9755,5.5462,9.5986
20241220,2607,榮運,TWSE,31.4,31.55,31.25,31.4,874072.0,27437464.0,TWSE_RWD_JSON_MI_INDEX,data/daily_price/daily_price_20241220.csv,31.41,31.15,30.9575,30.9183,31.168,0.0,2.9508,-0.3175,0.9646,-2.6357,1169782.7,0.7472,31.95,31.95,32.7,30.5,29.75,28.65,0.8026,1.4294,1.5579,0.7443,-1.7214,-1.7214,-3.9755,5.5462,9.5986
20241223,2607,榮運,TWSE,31.9,31.9,31.5,31.7,1215397.0,38511048.0,TWSE_RWD_JSON_MI_INDEX,data/daily_price/daily_price_20241223.csv,31.58,31.1475,30.965,30.9179,31.2123,0.9554,2.7553,-0.1575,1.44,-0.1575,1189201.7,1.022,31.95,31.95,32.7,30.5,29.75,28.65,1.7738,2.3736,2.5295,1.5624,-0.7825,-0.7825,-3.0581,6.5546,10.6457
20241224,2607,榮運,TWSE,31.8,32.1,31.7,31.95,1464330.0,46791156.0,TWSE_RWD_JSON_MI_INDEX,data/daily_price/daily_price_20241224.csv,31.66,31.1725,30.9758,30.9196,31.2738,0.7886,1.2678,1.5898,2.0767,0.6299,1236345.35,1.1844,32.1,32.1,32.7,30.5,29.75,28.65,2.4942,3.1449,3.3326,2.1622,-0.4673,-0.4673,-2.2936,7.395,11.5183
20241225,2607,榮運,TWSE,32.0,32.15,31.75,31.8,569411.0,18158517.0,TWSE_RWD_JSON_MI_INDEX,data/daily_price/daily_price_20241225.csv,31.65,31.2175,30.9883,30.9204,31.3177,-0.4695,-0.157,2.9126,2.4155,0.3155,1216598.5,0.468,32.15,32.15,32.7,30.5,29.75,28.65,1.8659,2.6193,2.8447,1.5402,-1.0886,-1.0886,-2.7523,6.8908,10.9948
20241226,2607,榮運,TWSE,31.8,31.9,31.55,31.6,651077.0,20633410.0,TWSE_RWD_JSON_MI_INDEX,data/daily_price/daily_price_20241226.csv,31.69,31.26,30.9958,30.9179,31.3412,-0.6289,0.6369,2.7642,1.4446,-0.9404,1222419.2,0.5326,32.15,32.15,32.7,30.5,29.75,28.65,1.0877,1.9492,2.2061,0.8258,-1.7107,-1.7107,-3.3639,6.2185,10.2967
20241227,2607,榮運,TWSE,31.6,31.65,31.35,31.35,391625.0,12326155.0,TWSE_RWD_JSON_MI_INDEX,data/daily_price/daily_price_20241227.csv,31.68,31.2775,31.0008,30.9125,31.3419,-0.7911,-0.1592,1.129,0.9662,-2.0312,1205963.75,0.3247,32.15,32.15,32.7,30.5,29.75,28.65,0.2318,1.1263,1.4153,0.0258,-2.4883,-2.4883,-4.1284,5.3782,9.4241
20241230,2607,榮運,TWSE,31.35,31.35,31.05,31.05,775519.0,24148949.0,TWSE_RWD_JSON_MI_INDEX,data/daily_price/daily_price_20241230.csv,31.55,31.28,30.9992,30.905,31.3176,-0.9569,-2.0505,0.1613,-0.321,-2.8169,1209943.2,0.641,32.15,32.15,32.7,30.5,29.75,28.65,-0.7353,0.164,0.4692,-0.8545,-3.4215,-3.4215,-5.0459,4.3697,8.377
20241231,2607,榮運,TWSE,31.2,31.65,31.1,31.25,971681.0,30514119.0,TWSE_RWD_JSON_MI_INDEX,data/daily_price/daily_price_20241231.csv,31.41,31.295,31.0125,30.8992,31.312,0.6441,-2.1909,0.9693,2.6273,-2.1909,1206372.95,0.8055,32.15,32.15,32.7,30.5,29.75,28.65,-0.1438,0.7658,1.1354,-0.1979,-2.7994,-2.7994,-4.4343,5.042,9.075
20250102,2607,榮運,TWSE,31.3,32.0,31.25,31.55,1592227.0,50392280.0,TWSE_RWD_JSON_MI_INDEX,data/daily_price/daily_price_20250102.csv,31.36,31.325,31.0308,30.8988,31.3318,0.96,-0.7862,1.9386,3.6125,-0.1582,1254284.5,1.2694,32.15,32.15,32.7,30.5,29.75,28.65,0.7183,1.6731,2.1077,0.6964,-1.8663,-1.8663,-3.5168,6.0504,10.1222
20250103,2607,榮運,TWSE,31.65,31.75,31.3,31.35,686566.0,21565940.0,TWSE_RWD_JSON_MI_INDEX,data/daily_price/daily_price_20250103.csv,31.31,31.3375,31.05,30.9058,31.3333,-0.6339,-0.7911,0.8039,3.8079,2.7869,1252295.15,0.5482,32.15,32.15,32.7,30.5,29.75,28.65,0.0399,0.9662,1.4372,0.0533,-2.4883,-2.4883,-4.1284,5.3782,9.4241
20250106,2607,榮運,TWSE,31.5,31.65,31.4,31.4,668917.0,21057779.0,TWSE_RWD_CSV_MI_INDEX,data/daily_price/daily_price_20250106.csv,31.32,31.345,31.0725,30.9138,31.3389,0.1595,0.1595,0.48,4.4925,3.1199,1235171.3,0.5416,32.15,32.15,32.7,30.5,29.75,28.65,0.1755,1.054,1.5729,0.1951,-2.3328,-2.3328,-3.9755,5.5462,9.5986
20250107,2607,榮運,TWSE,31.4,31.45,31.15,31.15,756920.0,23667035.0,TWSE_RWD_JSON_MI_INDEX,data/daily_price/daily_price_20250107.csv,31.34,31.325,31.0925,30.9117,31.3231,-0.7962,0.3221,-1.2678,4.0067,-0.7962,1189326.35,0.6364,32.15,32.15,32.7,30.5,29.85,28.65,-0.5587,0.1849,0.771,-0.5527,-3.1104,-3.1104,-4.7401,4.3551,8.726
20250108,2607,榮運,TWSE,31.15,31.3,30.75,30.9,1294992.0,40051157.0,TWSE_RWD_JSON_MI_INDEX,data/daily_price/daily_price_20250108.csv,31.27,31.31,31.1083,30.9083,31.2879,-0.8026,-1.12,-0.9615,3.172,-1.278,1211313.15,1.0691,32.15,32.15,32.7,30.5,29.9,28.65,-1.3095,-0.6697,-0.027,-1.2397,-3.888,-3.888,-5.5046,3.3445,7.8534
20250109,2607,榮運,TWSE,31.2,31.2,30.25,30.25,1715081.0,52308644.0,TWSE_RWD_JSON_MI_INDEX,data/daily_price/daily_price_20250109.csv,31.01,31.2775,31.1075,30.9012,31.2014,-2.1036,-4.1204,-2.1036,-0.165,-2.7331,1259744.25,1.3615,32.15,32.15,32.7,30.25,29.9,28.65,-3.2851,-2.7566,-2.1075,-3.0492,-5.9098,-5.9098,-7.4924,1.1706,5.5846
20250110,2607,榮運,TWSE,30.15,30.4,30.1,30.2,1130909.0,34187653.0,TWSE_RWD_JSON_MI_INDEX,data/daily_price/daily_price_20250110.csv,30.78,31.2525,31.1075,30.8946,31.1179,-0.1653,-3.6683,-1.6287,0.0,-2.5806,1280727.75,0.883,32.15,32.15,32.7,30.1,30.1,28.65,-3.3677,-2.9173,-2.2482,-2.9499,-6.0653,-6.0653,-7.6453,0.3322,5.4101
20250113,2607,榮運,TWSE,30.2,30.25,29.4,29.7,2014707.0,59820726.0,TWSE_RWD_JSON_MI_INDEX,data/daily_price/daily_price_20250113.csv,30.44,31.2125,31.0958,30.8817,30.9998,-1.6556,-5.414,-2.623,-2.3026,-4.96,1347007.6,1.4957,32.15,32.15,32.7,29.4,29.4,28.65,-4.8458,-4.4888,-3.8264,-4.1928,-7.6205,-7.6205,-9.1743,1.0204,3.6649
20250114,2607,榮運,TWSE,29.85,30.1,29.7,29.95,933537.0,27882149.0,TWSE_RWD_JSON_MI_INDEX,data/daily_price/daily_price_20250114.csv,30.2,31.1675,31.0842,30.8712,30.9123,0.8418,-3.8523,-2.9173,-2.2838,-4.0064,1284777.8,0.7266,32.15,32.15,32.7,29.4,29.4,28.65,-3.9063,-3.6487,-2.9842,-3.113,-6.8429,-6.8429,-8.4098,1.8707,4.5375
20250115,2607,榮運,TWSE,30.05,30.4,30.0,30.0,838077.0,25282395.0,TWSE_RWD_JSON_MI_INDEX,data/daily_price/daily_price_20250115.csv,30.02,31.09,31.075,30.8679,30.8363,0.1669,-2.9126,-4.9128,-1.8003,-1.3158,1111239.95,0.7542,32.15,32.15,32.7,29.4,29.4,28.65,-3.506,-3.4594,-2.8117,-2.712,-6.6874,-6.6874,-8.2569,2.0408,4.712
20250116,2607,榮運,TWSE,30.35,30.6,30.35,30.4,891958.0,27170850.0,TWSE_RWD_JSON_MI_INDEX,data/daily_price/daily_price_20250116.csv,30.05,31.0175,31.0758,30.8692,30.7999,1.3333,0.4959,-4.5526,0.1647,0.4959,1048459.45,0.8507,32.15,32.15,32.7,29.4,29.4,28.65,-1.9908,-2.1748,-1.5199,-1.2984,-5.4432,-5.4432,-7.0336,3.4014,6.1082
20250117,2607,榮運,TWSE,57.6,57.6,56.7,56.8,2164953.0,123449452.0,TWSE_RWD_JSON_MI_INDEX,data/daily_price/daily_price_20250117.csv,35.37,32.2875,31.5167,31.0862,32.9666,86.8421,88.0795,80.8917,87.1499,84.7154,1080097.8,2.0044,57.6,57.6,57.6,29.4,29.4,28.65,75.9195,80.2221,82.7174,72.2957,-1.3889,-1.3889,-1.3889,93.1973,98.2548
20250120,2607,榮運,TWSE,30.5,30.5,30.25,30.3,460338.0,13977659.0,TWSE_RWD_JSON_MI_INDEX,data/daily_price/daily_price_20250120.csv,35.49,32.2325,31.5183,31.0871,32.7444,-46.6549,2.0202,-3.5032,0.3311,0.3311,1059411.1,0.4345,57.6,57.6,57.6,29.4,29.4,28.65,-5.9955,-3.8655,-2.5319,-7.465,-47.3958,-47.3958,-47.3958,3.0612,5.7592
20250121,2607,榮運,TWSE,30.3,30.5,30.15,30.15,644760.0,19478166.0,TWSE_RWD_JSON_MI_INDEX,data/daily_price/daily_price_20250121.csv,35.53,32.155,31.5142,31.0879,32.5282,-0.495,0.6678,-4.8896,-0.8224,0.3328,1030879.25,0.6254,57.6,57.6,57.6,29.4,29.4,28.65,-6.2354,-4.3287,-3.017,-7.3111,-47.6562,-47.6562,-47.6562,2.551,5.2356
20250122,2607,榮運,TWSE,30.3,30.4,30.15,30.2,551464.0,16662076.0,TWSE_RWD_JSON_MI_INDEX,data/daily_price/daily_price_20250122.csv,35.57,32.0675,31.5025,31.0858,32.3342,0.1658,0.6667,-5.4773,-2.2654,-0.821,985235.95,0.5597,57.6,57.6,57.6,29.4,29.4,28.65,-5.8237,-4.1346,-2.8496,-6.6003,-47.5694,-47.5694,-47.5694,2.7211,5.4101
20250203,2607,榮運,TWSE,30.2,30.2,29.8,29.9,1015381.0,30398442.0,TWSE_RWD_JSON_MI_INDEX,data/daily_price/daily_price_20250203.csv,35.47,31.9725,31.49,31.0775,32.1313,-0.9934,-1.6447,-5.9748,-2.447,-3.2362,1007534.45,1.0078,57.6,57.6,57.6,29.4,29.4,28.65,-6.4821,-5.0492,-3.7889,-6.9444,-48.0903,-48.0903,-48.0903,1.7007,4.363
20250204,2607,榮運,TWSE,29.95,30.1,29.55,29.55,1637303.0,48718742.0,TWSE_RWD_JSON_MI_INDEX,data/daily_price/daily_price_20250204.csv,30.02,31.87,31.4692,31.0613,31.9162,-1.1706,-47.9754,-6.4873,-4.0584,-6.1905,1056845.75,1.5492,57.6,57.6,57.6,29.4,29.4,28.65,-7.2796,-6.0986,-4.8654,-7.4138,-48.6979,-48.6979,-48.6979,0.5102,3.1414
20250205,2607,榮運,TWSE,29.7,30.0,29.7,29.8,516608.0,15421991.0,TWSE_RWD_JSON_MI_INDEX,data/daily_price/daily_price_20250205.csv,29.92,31.7925,31.44,31.0512,31.7399,0.846,-1.6502,-4.9442,-5.5468,-3.871,1063094.9,0.4859,57.6,57.6,57.6,29.4,29.4,28.65,-6.2672,-5.2163,-4.0296,-6.1117,-48.2639,-48.2639,-48.2639,1.3605,4.014
20250206,2607,榮運,TWSE,29.8,30.1,29.8,30.1,386085.0,11569247.0,TWSE_RWD_JSON_MI_INDEX,data/daily_price/daily_price_20250206.csv,29.91,31.745,31.4142,31.0617,31.6032,1.0067,-0.1658,-3.0596,-4.8973,4.3328,1043623.2,0.3699,57.6,57.6,57.6,29.4,29.4,28.65,-5.1819,-4.1834,-3.096,-4.7565,-47.7431,-47.7431,-47.7431,2.381,5.0611
20250207,2607,榮運,TWSE,30.1,30.2,29.85,29.9,734801.0,21998240.0,TWSE_RWD_JSON_MI_INDEX,data/daily_price/daily_price_20250207.csv,29.85,31.6775,31.3842,31.0646,31.4613,-0.6645,-0.9934,-4.32,-5.6782,1.1844,1031779.2,0.7122,57.6,57.6,57.6,29.4,29.4,29.15,-5.6112,-4.729,-3.7489,-4.9625,-48.0903,-48.0903,-48.0903,1.7007,2.5729
20250210,2607,榮運,TWSE,29.8,30.05,29.75,29.9,472496.0,14130040.0,TWSE_RWD_JSON_MI_INDEX,data/daily_price/daily_price_20250210.csv,29.85,31.595,31.3517,31.0562,31.3312,0.0,0.0,-5.2298,-6.1224,-3.2362,975792.65,0.4842,57.6,57.6,57.6,29.4,29.4,29.15,-5.3648,-4.6303,-3.7231,-4.5678,-48.0903,-48.0903,-48.0903,1.7007,2.5729
20250211,2607,榮運,TWSE,30.0,30.25,29.85,30.0,887685.0,26612796.0,TWSE_RWD_JSON_MI_INDEX,data/daily_price/daily_price_20250211.csv,29.94,31.5275,31.3242,31.0546,31.2202,0.3344,1.5228,-4.3062,-5.2133,-0.6623,985848.6,0.9004,57.6,57.6,57.6,29.4,29.4,29.15,-4.845,-4.2273,-3.3959,-3.9085,-47.9167,-47.9167,-47.9167,2.0408,2.916
20250212,2607,榮運,TWSE,30.0,30.2,29.9,29.95,738252.0,22185511.0,TWSE_RWD_JSON_MI_INDEX,data/daily_price/daily_price_20250212.csv,29.97,31.455,31.2975,31.0488,31.1144,-0.1667,0.5034,-4.6178,-5.0713,-2.2838,989315.35,0.7462,57.6,57.6,57.6,29.4,29.4,29.15,-4.7846,-4.3055,-3.5388,-3.7422,-48.0035,-48.0035,-48.0035,1.8707,2.7444
20250213,2607,榮運,TWSE,29.9,30.3,29.9,30.2,663823.0,20034844.0,TWSE_RWD_JSON_MI_INDEX,data/daily_price/daily_price_20250213.csv,29.99,31.4075,31.2733,31.0412,31.0382,0.8347,0.3322,-3.0498,-4.5814,-2.8939,984660.5,0.6742,57.6,57.6,57.6,29.4,29.4,29.15,-3.8446,-3.4321,-2.7101,-2.7005,-47.5694,-47.5694,-47.5694,2.7211,3.6021
20250214,2607,榮運,TWSE,30.3,30.35,30.1,30.2,786694.0,23733277.0,TWSE_RWD_JSON_MI_INDEX,data/daily_price/daily_price_20250214.csv,30.05,31.3725,31.265,31.0304,30.9683,0.0,1.0033,-2.2654,-1.6287,-4.127,959245.6,0.8201,57.6,57.6,57.6,29.4,29.4,29.15,-3.7373,-3.4064,-2.6761,-2.481,-47.5694,-47.5694,-47.5694,2.7211,3.6021
20250217,2607,榮運,TWSE,30.35,30.45,30.1,30.3,833227.0,25284664.0,TWSE_RWD_JSON_MI_INDEX,data/daily_price/daily_price_20250217.csv,30.13,31.375,31.2633,31.0158,30.9126,0.3311,1.3378,0.1653,-0.3289,-5.4602,915152.9,0.9105,57.6,57.6,57.6,29.4,29.4,29.15,-3.4263,-3.0814,-2.308,-1.9818,-47.3958,-47.3958,-47.3958,3.0612,3.9451
20250218,2607,榮運,TWSE,30.3,30.3,30.15,30.25,415539.0,12557151.0,TWSE_RWD_JSON_MI_INDEX,data/daily_price/daily_price_20250218.csv,30.18,31.3775,31.26,31.0046,30.8574,-0.165,0.8333,0.1656,-0.6568,-4.2722,879384.4,0.4725,57.6,57.6,57.6,29.4,29.4,29.15,-3.5933,-3.231,-2.4338,-1.9685,-47.4826,-47.4826,-47.4826,2.8912,3.7736
20250219,2607,榮運,TWSE,30.4,30.45,30.2,30.25,744442.0,22551238.0,TWSE_RWD_JSON_MI_INDEX,data/daily_price/daily_price_20250219.csv,30.24,31.405,31.2508,30.995,30.8068,0.0,1.0017,1.8519,-1.7857,-3.6624,815871.15,0.9125,57.6,57.6,57.6,29.55,29.4,29.15,-3.6778,-3.2026,-2.4036,-1.8074,-47.4826,-47.4826,-47.4826,2.8912,3.7736
20250220,2607,榮運,TWSE,30.25,30.45,30.25,30.35,404536.0,12278504.0,TWSE_RWD_JSON_MI_INDEX,data/daily_price/daily_price_20250220.csv,30.27,31.425,31.2433,30.9854,30.7687,0.3306,0.4967,1.3356,-1.461,-3.6508,789421.1,0.5124,57.6,57.6,57.6,29.55,29.4,29.15,-3.4208,-2.8593,-2.0507,-1.3609,-47.309,-47.309,-47.309,3.2313,4.1166
20250221,2607,榮運,TWSE,30.3,30.5,30.3,30.45,566106.0,17216177.0,TWSE_RWD_CSV_MI_INDEX,data/daily_price/daily_price_20250221.csv,30.32,31.4475,31.2258,30.9783,30.7422,0.3295,0.8278,1.5,-3.3333,-2.7157,775822.55,0.7297,57.6,57.6,57.6,29.55,29.4,29.15,-3.172,-2.4846,-1.7055,-0.9504,-47.1354,-47.1354,-47.1354,3.5714,4.4597
20250224,2607,榮運,TWSE,30.3,30.7,30.25,30.7,853658.0,26102606.0,TWSE_RWD_JSON_MI_INDEX,data/daily_price/daily_price_20250224.csv,30.4,31.4625,31.215,30.9729,30.7387,0.821,1.3201,0.9868,-2.0734,-2.0734,773907.55,1.103,57.6,57.6,57.6,29.55,29.4,29.15,-2.4235,-1.6498,-0.8811,-0.1258,-46.7014,-46.7014,-46.7014,4.4218,5.3173
20250225,2607,榮運,TWSE,30.5,30.65,30.5,30.55,497004.0,15200461.0,TWSE_RWD_JSON_MI_INDEX,data/daily_price/daily_price_20250225.csv,30.46,30.15,31.1975,30.9688,30.7229,-0.4886,0.9917,-46.2148,-3.3228,-1.6103,690510.1,0.7198,30.7,57.6,57.6,29.55,29.4,29.15,1.3267,-2.0755,-1.3522,-0.5629,-0.4886,-46.9618,-46.9618,3.9116,4.8027
20250226,2607,榮運,TWSE,30.5,30.65,30.45,30.5,613356.0,18726848.0,TWSE_RWD_JSON_MI_INDEX,data/daily_price/daily_price_20250226.csv,30.51,30.16,31.1808,30.9633,30.7044,-0.1637,0.8264,0.6601,-3.1746,-2.0867,698161.0,0.8785,30.7,57.6,57.6,29.55,29.4,29.15,1.1273,-2.1835,-1.4964,-0.6656,-0.6515,-47.0486,-47.0486,3.7415,4.6312
20250227,2607,榮運,TWSE,30.3,30.3,30.15,30.25,415539.0,12557151.0,TWSE_RWD_JSON_MI_INDEX,data/daily_price/daily_price_20250227.csv,30.49,30.165,31.1558,30.9558,30.6665,-0.8197,-0.3295,0.3317,-4.7244,-2.8892,686699.95,0.6051,30.7,57.6,57.6,29.55,29.4,29.15,0.2818,-2.9074,-2.2801,-1.3581,-1.4658,-47.4826,-47.4826,2.8912,3.7736
20250303,2607,榮運,TWSE,30.4,30.45,30.1,30.35,705453.0,21356406.0,TWSE_RWD_JSON_MI_INDEX,data/daily_price/daily_price_20250303.csv,30.47,30.1725,31.1375,30.9504,30.6401,0.3306,-0.3284,0.4967,-3.4976,-2.0968,694399.4,1.0159,30.7,57.6,57.6,29.55,29.4,29.15,0.5883,-2.5291,-1.9399,-0.9469,-1.1401,-47.309,-47.309,3.2313,4.1166
20250304,2607,榮運,TWSE,30.15,30.45,30.0,30.45,763944.0,23077187.0,TWSE_RWD_JSON_MI_INDEX,data/daily_price/daily_price_20250304.csv,30.42,30.2,31.13,30.9458,30.6243,0.3295,-0.8143,1.8395,-1.4563,-1.7742,681827.55,1.1204,30.7,57.6,57.6,29.55,29.4,29.15,0.8278,-2.1844,-1.6023,-0.5691,-0.8143,-47.1354,-47.1354,3.5714,4.4597
20250305,2607,榮運,TWSE,30.35,30.6,30.25,30.55,604668.0,18412411.0,TWSE_RWD_JSON_MI_INDEX,data/daily_price/daily_price_20250305.csv,30.42,30.25,31.1267,30.9417,30.6181,0.3284,0.0,3.3841,-0.6504,-1.6103,630195.8,0.9595,30.7,57.6,57.6,29.7,29.4,29.15,0.9917,-1.8526,-1.2658,-0.2224,-0.4886,-46.9618,-46.9618,3.9116,4.8027
20250306,2607,榮運,TWSE,30.6,30.65,30.35,30.55,682577.0,20829482.0,TWSE_RWD_JSON_MI_INDEX,data/daily_price/daily_price_20250306.csv,30.43,30.2875,31.1192,30.9354,30.6124,0.0,0.1639,2.5168,-1.4516,-2.3962,638494.25,1.069,30.7,57.6,57.6,29.75,29.4,29.15,0.8667,-1.829,-1.2459,-0.2039,-0.4886,-46.9618,-46.9618,3.9116,4.8027
20250307,2607,榮運,TWSE,30.5,30.6,30.4,30.4,763617.0,23277483.0,TWSE_RWD_JSON_MI_INDEX,data/daily_price/daily_price_20250307.csv,30.46,30.3025,31.1092,30.9321,30.5947,-0.491,0.4959,0.9967,-1.9355,-1.2987,657370.85,1.1616,30.7,57.6,57.6,29.75,29.4,29.15,0.3218,-2.2796,-1.7202,-0.6364,-0.9772,-47.2222,-47.2222,3.4014,4.2882
20250310,2607,榮運,TWSE,30.4,30.65,30.4,30.45,674387.0,20571707.0,TWSE_RWD_JSON_MI_INDEX,data/daily_price/daily_price_20250310.csv,30.48,30.33,31.1008,30.9296,30.5827,0.1645,0.3295,1.8395,-1.6155,-0.9756,654350.15,1.0306,30.7,57.6,57.6,29.75,29.4,29.15,0.3956,-2.0927,-1.5506,-0.4338,-0.8143,-47.1354,-47.1354,3.5714,4.4597
20250311,2607,榮運,TWSE,29.8,30.1,29.75,30.1,1197478.0,35806100.0,TWSE_RWD_JSON_MI_INDEX,data/daily_price/daily_price_20250311.csv,30.41,30.34,31.0867,30.9338,30.5424,-1.1494,-1.1494,0.6689,-2.7464,1.6892,690599.25,1.734,30.7,57.6,57.6,29.75,29.4,29.15,-0.791,-3.1739,-2.6953,-1.4486,-1.9544,-47.7431,-47.7431,2.381,3.259
20250312,2607,榮運,TWSE,32.2,32.8,31.45,32.35,15841490.0,508654641.0,TWSE_RWD_JSON_MI_INDEX,data/daily_price/daily_price_20250312.csv,30.77,30.4575,31.1075,30.9571,30.6931,7.4751,5.892,7.8333,4.0193,9.4755,1438289.5,11.0141,32.8,57.6,57.6,29.75,29.4,29.15,6.2136,3.9942,4.4995,5.3984,-1.372,-43.8368,-43.8368,10.034,10.9777
20250313,2607,榮運,TWSE,32.5,32.5,31.6,31.95,6920486.0,221062089.0,TWSE_RWD_JSON_MI_INDEX,data/daily_price/daily_price_20250313.csv,31.05,30.5575,31.1192,30.9746,30.7978,-1.2365,4.5827,6.6778,2.24,7.0352,1747401.2,3.9604,32.8,57.6,57.6,29.75,29.4,29.15,4.557,2.6698,3.1491,3.7412,-2.5915,-44.5312,-44.5312,8.6735,9.6055
20250314,2607,榮運,TWSE,32.0,32.45,31.6,32.2,4588223.0,147692029.0,TWSE_RWD_JSON_MI_INDEX,data/daily_price/daily_price_20250314.csv,31.41,30.6575,31.13,30.9979,30.9147,0.7825,5.9211,6.6225,2.0602,9.5238,1943621.2,2.3607,32.8,57.6,57.6,29.75,29.4,29.4,5.0314,3.4372,3.8779,4.1577,-1.8293,-44.0972,-44.0972,9.5238,9.5238
20250317,2607,榮運,TWSE,32.35,32.35,31.8,32.1,2229365.0,71587015.0,TWSE_RWD_JSON_MI_INDEX,data/daily_price/daily_price_20250317.csv,31.74,30.7525,31.145,31.0204,31.0134,-0.3106,5.4187,6.2914,2.8846,9.1837,2015754.75,1.106,32.8,57.6,57.6,29.75,29.4,29.4,4.3818,3.0663,3.4802,3.5035,-2.1341,-44.2708,-44.2708,9.1837,9.1837
20250318,2607,榮運,TWSE,32.15,32.25,32.0,32.15,1454601.0,46763884.0,TWSE_RWD_JSON_MI_INDEX,data/daily_price/daily_price_20250318.csv,32.15,30.845,31.1658,31.0412,31.1081,0.1558,6.8106,6.1056,4.0453,8.4317,2046823.45,0.7107,32.8,57.6,57.6,29.75,29.4,29.4,4.2308,3.1578,3.5719,3.3491,-1.9817,-44.184,-44.184,9.3537,9.3537
20250319,2607,榮運,TWSE,32.15,32.3,32.15,32.15,1664341.0,53642323.0,TWSE_RWD_JSON_MI_INDEX,data/daily_price/daily_price_20250319.csv,32.11,30.94,31.19,31.0575,31.195,0.0,-0.6182,6.281,4.7231,6.457,2109263.55,0.7891,32.8,57.6,57.6,29.75,29.4,29.4,3.9108,3.0779,3.5177,3.0615,-1.9817,-44.184,-44.184,9.3537,9.3537
20250320,2607,榮運,TWSE,32.2,32.35,32.1,32.35,1604082.0,51755819.0,TWSE_RWD_JSON_MI_INDEX,data/daily_price/daily_price_20250320.csv,32.19,31.045,31.2208,31.0725,31.2912,0.6221,1.252,6.9421,6.0656,5.892,2152245.55,0.7453,32.8,57.6,57.6,29.75,29.4,29.4,4.2036,3.6167,4.1114,3.3836,-1.372,-43.8368,-43.8368,10.034,10.034
20250321,2607,榮運,TWSE,32.45,32.45,32.15,32.25,1302686.0,42011738.0,TWSE_RWD_JSON_MI_INDEX,data/daily_price/daily_price_20250321.csv,32.2,31.14,31.2442,31.0846,31.3711,-0.3091,0.1553,6.2603,4.5381,4.7078,2197153.05,0.5929,32.8,57.6,57.6,29.75,29.4,29.4,3.5645,3.2193,3.7492,2.8016,-1.6768,-44.0104,-44.0104,9.6939,9.6939
20250324,2607,榮運,TWSE,32.4,32.6,32.25,32.5,2141050.0,69473874.0,TWSE_RWD_JSON_MI_INDEX,data/daily_price/daily_price_20250324.csv,32.28,31.2425,31.26,31.0962,31.4652,0.7752,1.2461,6.7323,3.0111,4.5016,2275900.25,0.9407,32.8,57.6,57.6,29.75,29.4,29.4,4.025,3.9667,4.5142,3.2887,-0.9146,-43.5764,-43.5764,10.5442,10.5442
20250325,2607,榮運,TWSE,32.7,32.75,32.3,32.3,1515593.0,49216428.0,TWSE_RWD_JSON_MI_INDEX,data/daily_price/daily_price_20250325.csv,32.31,31.3225,31.2675,31.1079,31.5348,-0.6154,0.4666,5.2117,1.4129,4.5307,2308997.0,0.6564,32.8,57.6,57.6,29.75,29.4,29.4,3.1208,3.3022,3.8321,2.4267,-1.5244,-43.9236,-43.9236,9.8639,9.8639
20250326,2607,榮運,TWSE,32.3,32.5,32.1,32.35,1067054.0,34498405.0,TWSE_RWD_JSON_MI_INDEX,data/daily_price/daily_price_20250326.csv,32.35,31.4125,31.2833,31.1179,31.6027,0.1548,0.6221,5.892,3.0255,3.8523,2337499.5,0.4565,32.8,57.6,57.6,29.75,29.4,29.4,2.9845,3.4097,3.9594,2.3647,-1.372,-43.8368,-43.8368,10.034,10.034
20250327,2607,榮運,TWSE,32.3,32.65,32.2,32.35,1831990.0,59394123.0,TWSE_RWD_JSON_MI_INDEX,data/daily_price/daily_price_20250327.csv,32.35,31.505,31.2992,31.1283,31.665,0.0,0.0,6.0656,3.0255,4.0193,2398431.2,0.7638,32.8,57.6,57.6,29.75,29.4,29.4,2.6821,3.3574,3.9246,2.1634,-1.372,-43.8368,-43.8368,10.034,10.034
20250328,2607,榮運,TWSE,32.25,32.5,31.85,32.0,1404644.0,45084813.0,TWSE_RWD_JSON_MI_INDEX,data/daily_price/daily_price_20250328.csv,32.3,31.5925,31.3042,31.1346,31.6929,-1.0819,-0.7752,5.7851,0.9464,2.4,2447886.45,0.5738,32.8,57.6,57.6,29.75,29.4,29.4,1.2899,2.2228,2.7796,0.969,-2.439,-44.4444,-44.4444,8.8435,8.8435
20250331,2607,榮運,TWSE,31.6,31.75,31.15,31.6,2185320.0,68656021.0,TWSE_RWD_JSON_MI_INDEX,data/daily_price/daily_price_20250331.csv,32.12,31.655,31.2983,31.1371,31.6852,-1.25,-2.7692,4.1186,-1.0955,0.9585,2521879.8,0.8665,32.8,57.6,57.6,29.75,29.4,29.4,-0.1737,0.9638,1.4867,-0.2687,-3.6585,-45.1389,-45.1389,7.483,7.483
20250401,2607,榮運,TWSE,31.75,33.1,31.75,33.0,5738168.0,187813793.0,TWSE_RWD_JSON_MI_INDEX,data/daily_price/daily_price_20250401.csv,32.26,31.7825,31.3183,31.1533,31.7947,4.4304,2.1672,8.3744,3.7736,6.2802,2770591.0,2.0711,33.1,57.6,57.6,29.75,29.4,29.4,3.8307,5.3696,5.9277,3.7908,-0.3021,-42.7083,-42.7083,12.2449,12.2449
20250402,2607,榮運,TWSE,32.85,33.0,32.65,32.7,1293729.0,42436937.0,TWSE_RWD_JSON_MI_INDEX,data/daily_price/daily_price_20250402.csv,32.33,31.89,31.3367,31.1662,31.8702,-0.9091,1.0819,7.0376,3.481,4.9759,2805044.05,0.4612,33.1,57.6,57.6,29.75,29.4,29.4,2.54,4.3506,4.9212,2.6038,-1.2085,-43.2292,-43.2292,11.2245,11.2245
20250407,2607,榮運,listed,29.45,29.45,29.45,29.45,907153.0,26715584.0,,data/daily_price/20250407.csv,31.75,31.835,31.305,31.1529,31.6685,-9.9388,-8.9645,-3.6007,-6.0606,-5.153,2816272.85,0.3221,33.1,57.6,57.6,29.45,29.4,29.4,-7.4918,-5.9256,-5.4663,-7.0053,-11.0272,-48.8715,-48.8715,0.1701,0.1701
20250408,2607,榮運,listed,29.0,29.0,27.5,28.35,5851111.0,165065878.0,,data/daily_price/20250408.csv,31.02,31.7325,31.26,31.1296,31.3919,-3.7351,-11.4062,-6.7434,-8.6957,-8.9888,3070647.55,1.9055,33.1,57.6,57.6,27.5,27.5,27.5,-10.6594,-9.309,-8.9291,-9.6902,-14.3505,-50.7812,-50.7812,3.0909,3.0909
20250409,2607,榮運,listed,28.4,28.4,25.6,26.3,6799881.0,184283662.0,,data/daily_price/20250409.csv,29.96,31.525,31.1775,31.095,30.9676,-7.231,-16.7722,-13.6289,-15.84,-13.6289,3376922.25,2.0136,33.1,57.6,57.6,25.6,25.6,25.6,-16.5741,-15.6443,-15.4205,-15.0726,-20.5438,-54.3403,-54.3403,2.7344,2.7344
20250410,2607,榮運,listed,28.9,28.9,28.1,28.9,1834876.0,52948526.0,,data/daily_price/20250410.csv,29.14,31.465,31.1333,31.0821,30.7953,9.8859,-12.4242,-3.9867,-8.3994,-5.0903,3408792.15,0.5383,33.1,57.6,57.6,25.6,25.6,25.6,-8.1519,-7.1734,-7.0204,-6.1545,-12.6888,-49.8264,-49.8264,12.8906,12.8906
20250414,2607,榮運,listed,29.3,29.9,29.0,29.0,2999569.0,88038285.0,,data/daily_price/20250414.csv,28.4,31.2975,31.0942,31.0721,30.6457,0.346,-11.315,-10.3555,-7.496,-3.9735,2766696.1,1.0842,33.1,57.6,57.6,25.6,25.6,25.6,-7.3408,-6.7349,-6.6686,-5.3701,-12.3867,-49.6528,-49.6528,13.2812,13.2812
20250415,2607,榮運,listed,29.25,29.75,29.05,29.5,1432118.0,42167621.0,,data/daily_price/20250415.csv,28.41,31.175,31.0625,31.0675,30.5502,1.7241,0.1698,-7.6682,-6.051,-1.8303,2492277.7,0.5746,33.1,57.6,57.6,25.6,25.6,25.6,-5.3729,-5.0302,-5.0455,-3.4377,-10.8761,-48.7847,-48.7847,15.2344,15.2344
20250416,2607,榮運,listed,29.3,29.35,28.9,28.95,1176350.0,34181883.0,,data/daily_price/20250416.csv,28.53,31.0125,31.0258,31.0592,30.4169,-1.8644,2.1164,-10.0932,-7.0626,-3.3389,2321684.05,0.5067,33.1,57.6,57.6,25.6,25.6,25.6,-6.6505,-6.6907,-6.7908,-4.8226,-12.5378,-49.7396,-49.7396,13.0859,13.0859
20250417,2607,榮運,listed,29.0,29.3,28.65,29.0,847452.0,24636511.0,,data/daily_price/20250417.csv,29.07,30.8575,30.9942,31.0512,30.2988,0.1727,10.2662,-9.6573,-6.1489,-3.172,2252588.4,0.3762,33.1,57.6,57.6,25.6,25.6,25.6,-6.0196,-6.434,-6.606,-4.2866,-12.3867,-49.6528,-49.6528,13.2812,13.2812
20250418,2607,榮運,listed,29.2,29.5,29.15,29.15,878977.0,25778891.0,,data/daily_price/20250418.csv,29.12,30.7075,30.9758,31.0417,30.2031,0.5172,0.8651,-9.3313,-3.6364,-3.7954,2223807.2,0.3953,33.1,57.6,57.6,25.6,25.6,25.6,-5.0721,-5.8944,-6.094,-3.4866,-11.9335,-49.3924,-49.3924,13.8672,13.8672
20250421,2607,榮運,listed,28.9,28.9,28.2,28.2,1513427.0,43155820.0,,data/daily_price/20250421.csv,28.96,30.51,30.9425,31.025,30.0361,-3.259,-2.7586,-12.2862,-6.6225,-6.6225,2216261.5,0.6829,33.1,57.6,57.6,25.6,25.6,25.6,-7.5713,-8.8632,-9.1056,-6.1131,-14.8036,-51.0417,-51.0417,10.1562,10.1562
20250422,2607,榮運,listed,27.9,28.3,27.8,28.1,608268.0,17114814.0,,data/daily_price/20250422.csv,28.68,30.2975,30.9158,31.0058,29.8748,-0.3546,-4.7458,-13.1376,-5.3872,-7.5658,2166470.8,0.2808,33.1,57.6,57.6,25.6,25.6,25.6,-7.2531,-9.1081,-9.3719,-5.9408,-15.1057,-51.2153,-51.2153,9.7656,9.7656
20250423,2607,榮運,listed,28.45,28.8,28.4,28.65,825110.0,23653555.0,,data/daily_price/20250423.csv,28.62,30.1175,30.8942,30.9892,29.7727,1.9573,-1.0363,-11.1628,-4.3406,-6.5253,2142592.0,0.3851,33.1,57.6,57.6,25.6,25.6,25.6,-4.8726,-7.264,-7.5483,-3.771,-13.4441,-50.2604,-50.2604,11.9141,11.9141
20250424,2607,榮運,listed,28.9,29.2,28.85,29.05,1013191.0,29454861.0,,data/daily_price/20250424.csv,28.63,29.945,30.8783,30.9767,29.7125,1.3962,0.1724,-10.6154,-3.1667,-4.91,2086199.05,0.4857,33.1,57.6,57.6,25.6,25.6,25.6,-2.9888,-5.9211,-6.2197,-2.2297,-12.2356,-49.566,-49.566,13.4766,13.4766
20250425,2607,榮運,listed,29.15,29.3,28.85,28.95,1269744.0,36841634.0,,data/daily_price/20250425.csv,28.59,29.7775,30.8542,30.965,29.649,-0.3442,-0.6861,-10.3715,-4.7697,-4.6129,2073906.6,0.6122,33.1,57.6,57.6,25.6,25.6,25.6,-2.7789,-6.1715,-6.5073,-2.3575,-12.5378,-49.7396,-49.7396,13.0859,13.0859
20250428,2607,榮運,listed,29.0,29.4,28.9,29.25,745795.0,21796077.0,,data/daily_price/20250428.csv,28.8,29.6225,30.395,30.9558,29.6157,1.0363,3.7234,-9.5827,-48.5035,-3.6244,2057843.65,0.3624,33.1,33.1,57.6,25.6,25.6,25.6,-1.2575,-3.7671,-5.5105,-1.2349,-11.6314,-11.6314,-49.2188,14.2578,14.2578
20250429,2607,榮運,listed,29.25,29.65,29.2,29.4,932742.0,27477757.0,,data/daily_price/20250429.csv,29.06,29.475,30.38,30.9492,29.5977,0.5128,4.6263,-9.119,-2.9703,-2.649,2012881.25,0.4634,33.1,33.1,57.6,25.6,25.6,25.6,-0.2545,-3.2258,-5.0055,-0.6681,-11.1782,-11.1782,-48.9583,14.8437,14.8437
20250430,2607,榮運,listed,29.3,29.35,28.9,28.9,1398616.0,40626716.0,,data/daily_price/20250430.csv,29.11,29.32,30.3592,30.9367,29.5396,-1.7007,0.8726,-9.6875,-4.1459,-4.9342,2012579.85,0.6949,33.1,33.1,57.6,25.6,25.6,25.6,-1.4325,-4.8063,-6.5833,-2.1652,-12.6888,-12.6888,-49.8264,12.8906,12.8906
20250502,2607,榮運,listed,29.0,31.3,29.0,30.55,3058861.0,92064978.0,,data/daily_price/20250502.csv,29.41,29.2675,30.365,30.9338,29.6238,5.7093,5.1635,-3.3228,1.1589,-1.1327,2056256.9,1.4876,33.1,33.1,57.6,25.6,25.6,25.6,4.382,0.6093,-1.2406,3.1266,-7.7039,-7.7039,-46.9618,19.3359,19.3359
20250505,2607,榮運,listed,31.5,33.1,30.9,31.1,13336489.0,427266698.0,,data/daily_price/20250505.csv,29.84,29.1725,30.385,30.9375,29.7468,1.8003,7.4266,-5.7576,4.0134,1.4682,2436172.95,5.4744,33.1,33.1,57.6,25.6,25.6,25.6,6.6072,2.3531,0.5253,4.549,-6.0423,-6.0423,-46.0069,21.4844,21.4844
20250506,2607,榮運,listed,30.75,30.9,30.4,30.6,2809916.0,86238397.0,,data/daily_price/20250506.csv,30.11,29.0675,30.4025,30.9358,29.8179,-1.6077,4.6154,-6.422,3.5533,-0.6494,2511982.3,1.1186,33.1,33.1,57.6,25.6,25.6,25.6,5.2722,0.6496,-1.0856,2.6229,-7.5529,-7.5529,-46.875,19.5312,19.5312
20250507,2607,榮運,listed,30.9,30.9,30.55,30.65,1244049.0,38197351.0,,data/daily_price/20250507.csv,30.36,29.1275,30.4167,30.9283,29.8873,0.1634,4.2517,4.0747,2.8523,-2.8526,2528827.1,0.4919,33.1,33.1,57.6,25.6,25.6,25.6,5.227,0.7671,-0.8999,2.5521,-7.4018,-7.4018,-46.7882,19.7266,19.7266
20250508,2607,榮運,listed,30.65,31.1,30.5,30.5,2092669.0,64424644.0,,data/daily_price/20250508.csv,30.68,29.235,30.4233,30.9188,29.9383,-0.4894,5.5363,7.5838,1.3289,-3.6335,2340905.0,0.894,33.1,33.1,57.6,25.6,25.6,25.6,4.327,0.252,-1.3544,1.8761,-7.855,-7.855,-47.0486,19.1406,19.1406
20250509,2607,榮運,listed,30.55,30.85,30.5,30.8,1076818.0,32998686.0,,data/daily_price/20250509.csv,30.73,29.46,30.4383,30.9112,30.0101,0.9836,0.8183,17.1103,3.01,-2.8391,2054751.85,0.5241,33.1,33.1,57.6,27.8,25.6,25.6,4.5485,1.1882,-0.3599,2.632,-6.9486,-6.9486,-46.5278,20.3125,20.3125
20250512,2607,榮運,listed,31.0,31.1,30.75,30.85,1089827.0,33731918.0,,data/daily_price/20250512.csv,30.68,29.5575,30.4542,30.9029,30.0801,0.1623,-0.8039,6.7474,3.1773,-3.1397,2017499.4,0.5402,33.1,33.1,57.6,27.8,25.6,25.6,4.3728,1.2998,-0.1712,2.5595,-6.7976,-6.7976,-46.441,20.5078,20.5078
20250513,2607,榮運,listed,31.7,32.2,31.0,31.45,3778943.0,119151070.0,,data/daily_price/20250513.csv,30.85,29.68,30.4783,30.9012,30.1943,1.9449,2.7778,8.4483,4.8333,-0.6319,2056468.1,1.8376,33.1,33.1,57.6,27.8,25.6,25.6,5.9636,3.1881,1.7758,4.1588,-4.9849,-4.9849,-45.3993,22.8516,22.8516
20250514,2607,榮運,listed,31.7,31.9,31.35,31.7,2003068.0,63532419.0,,data/daily_price/20250514.csv,31.06,29.79,30.5075,30.9025,30.3197,0.7949,3.4258,7.4576,5.8431,0.4754,2085015.6,0.9607,33.1,33.1,57.6,27.8,25.6,25.6,6.4115,3.9089,2.5807,4.5523,-4.2296,-4.2296,-44.9653,23.8281,23.8281
20250515,2607,榮運,listed,32.15,32.8,31.75,31.9,2490103.0,80076829.0,,data/daily_price/20250515.csv,31.34,29.9375,30.5358,30.9046,30.4514,0.6309,4.5902,10.19,5.6291,0.7899,2150703.25,1.1578,33.1,33.1,57.6,27.8,25.6,25.6,6.5553,4.4674,3.2209,4.757,-3.6254,-3.6254,-44.6181,24.6094,24.6094
20250516,2607,榮運,listed,32.15,34.6,32.1,33.7,13938051.0,467793048.0,,data/daily_price/20250516.csv,31.92,30.1725,30.5942,30.9296,30.7221,5.6426,9.4156,16.2069,11.5894,9.772,2805233.2,4.9686,34.6,34.6,57.6,27.8,25.6,25.6,11.6911,10.1517,8.9572,9.6929,-2.6012,-2.6012,-41.4931,31.6406,31.6406
20250519,2607,榮運,listed,33.7,34.05,33.5,33.9,6018483.0,203586144.0,,data/daily_price/20250519.csv,32.53,30.41,30.6542,30.9588,30.987,0.5935,9.8865,16.295,11.8812,11.5132,3062208.5,1.9654,34.6,34.6,57.6,27.8,25.6,25.6,11.4765,10.5886,9.5005,9.4008,-2.0231,-2.0231,-41.1458,32.4219,32.4219
20250520,2607,榮運,listed,34.15,34.3,33.6,33.8,3361101.0,113982877.0,,data/daily_price/20250520.csv,33.0,30.69,30.7133,30.9867,31.2214,-0.295,7.4722,19.8582,11.7355,11.0016,3154592.2,1.0655,34.6,34.6,57.6,27.8,25.6,25.6,10.1336,10.0499,9.0792,8.2591,-2.3121,-2.3121,-41.3194,32.0312,32.0312
20250522,2607,榮運,listed,33.6,34.1,33.45,33.8,2633892.0,89253663.0,,data/daily_price/20250522.csv,33.42,30.975,30.7725,31.0117,31.4363,0.0,6.6246,20.2847,11.7355,9.7403,3255873.4,0.809,34.6,34.6,57.6,28.4,25.6,25.6,9.1203,9.8383,8.9912,7.5191,-2.3121,-2.3121,-41.3194,32.0312,32.0312
20250523,2607,榮運,listed,33.9,34.0,33.7,33.9,1541393.0,52152502.0,,data/daily_price/20250523.csv,33.82,31.2375,30.8317,31.0375,31.6416,0.2959,6.2696,18.3246,11.6969,10.0649,3291687.55,0.4683,34.6,34.6,57.6,28.85,25.6,25.6,8.5234,9.9519,9.2227,7.1375,-2.0231,-2.0231,-41.1458,32.4219,32.4219
20250526,2607,榮運,listed,34.0,34.8,34.0,34.65,4985347.0,172141999.0,,data/daily_price/20250526.csv,34.01,31.5175,30.9017,31.0638,31.8923,2.2124,2.819,19.2771,13.7931,10.0,3490295.35,1.4283,34.8,34.8,57.6,28.85,25.6,25.6,9.9389,12.1299,11.5448,8.647,-0.431,-0.431,-39.8438,35.3516,35.3516
20250527,2607,榮運,listed,34.65,35.4,34.1,34.35,4896882.0,169467125.0,,data/daily_price/20250527.csv,34.1,31.7875,30.9625,31.0888,32.0971,-0.8658,1.3274,18.6528,11.8893,9.5694,3671652.25,1.3337,35.4,35.4,57.6,28.9,25.6,25.6,8.0613,10.9407,10.4901,7.019,-2.9661,-2.9661,-40.3646,34.1797,34.1797
20250528,2607,榮運,listed,34.7,34.7,33.9,34.2,2419317.0,82765430.0,,data/daily_price/20250528.csv,34.18,32.035,31.0233,31.1104,32.2723,-0.4367,1.1834,16.9231,11.9476,8.2278,3755328.35,0.6442,35.4,35.4,57.6,28.9,25.6,25.6,6.7582,10.2396,9.931,5.9731,-3.3898,-3.3898,-40.625,33.5938,33.5938
20250529,2607,榮運,listed,34.55,34.6,34.2,34.6,3112686.0,107179951.0,,data/daily_price/20250529.csv,34.34,32.295,31.0917,31.1362,32.4663,1.1696,2.3669,17.6871,13.4426,9.8413,3864325.55,0.8055,35.4,35.4,57.6,28.9,25.6,25.6,7.1373,11.2838,11.1245,6.572,-2.2599,-2.2599,-39.9306,35.1562,35.1562
20250602,2607,榮運,listed,34.5,34.9,34.25,34.75,2964314.0,102834680.0,,data/daily_price/20250602.csv,34.51,32.5875,31.1667,31.1612,32.6566,0.4335,2.5074,20.2422,14.876,9.4488,3942610.45,0.7519,35.4,35.4,57.6,29.0,25.6,25.6,6.636,11.4973,11.5167,6.4103,-1.8362,-1.8362,-39.6701,35.7422,35.7422
20250603,2607,榮運,listed,34.8,35.05,34.35,34.7,2800306.0,97084840.0,,data/daily_price/20250603.csv,34.52,32.795,31.2392,31.1883,32.8269,-0.1439,0.1443,13.5843,14.3328,10.3339,3929682.7,0.7126,35.4,35.4,57.6,30.4,25.6,25.6,5.8088,11.0785,11.2596,5.706,-1.9774,-1.9774,-39.7569,35.5469,35.5469
20250604,2607,榮運,listed,34.85,35.2,34.35,34.45,2686872.0,93358820.0,,data/daily_price/20250604.csv,34.54,32.9625,31.3058,31.2179,32.9622,-0.7205,0.2911,10.7717,13.1363,11.4887,3397201.85,0.7909,35.4,35.4,57.6,30.4,25.6,25.6,4.5127,10.0434,10.3533,4.5138,-2.6836,-2.6836,-40.191,34.5703,34.5703
20250605,2607,榮運,listed,34.5,34.5,33.5,33.7,3280367.0,110905735.0,,data/daily_price/20250605.csv,34.44,33.1175,31.3583,31.2425,33.0236,-2.1771,-1.462,10.1307,10.311,9.5935,3420724.4,0.959,35.4,35.4,57.6,30.5,25.6,25.6,1.7589,7.4674,7.8659,2.0481,-4.8023,-4.8023,-41.4931,31.6406,31.6406
20250606,2607,榮運,listed,33.7,33.95,33.4,33.95,1400647.0,47264843.0,,data/daily_price/20250606.csv,34.31,33.2825,31.415,31.2671,33.1008,0.7418,-1.8786,10.7667,11.1293,9.5161,3428554.3,0.4085,35.4,35.4,57.6,30.5,25.6,25.6,2.0056,8.0694,8.5806,2.5654,-4.096,-4.096,-41.059,32.6172,32.6172
20250609,2607,榮運,listed,33.9,33.9,33.45,33.9,1666934.0,56217618.0,,data/daily_price/20250609.csv,34.14,33.4525,31.4733,31.2912,33.1674,-0.1473,-2.446,11.1475,11.5132,9.3548,3407267.55,0.4892,35.4,35.4,57.6,30.5,25.6,25.6,1.3377,7.7102,8.337,2.2087,-4.2373,-4.2373,-41.1458,32.4219,32.4219
20250610,2607,榮運,listed,33.75,34.1,33.6,33.85,1675032.0,56725502.0,,data/daily_price/20250610.csv,33.97,33.605,31.53,31.3154,33.2243,-0.1475,-2.4496,9.9026,11.1658,9.37,3437178.25,0.4873,35.4,35.4,57.6,30.75,25.6,25.6,0.7291,7.3581,8.0937,1.8832,-4.3785,-4.3785,-41.2326,32.2266,32.2266
20250611,2607,榮運,listed,33.8,33.8,33.0,33.55,3269411.0,109316479.0,,data/daily_price/20250611.csv,33.79,33.74,31.5875,31.3371,33.2515,-0.8863,-2.6125,8.752,11.4618,8.4006,3546157.45,0.922,35.4,35.4,57.6,31.0,25.6,25.6,-0.5631,6.2129,7.0617,0.8978,-5.226,-5.226,-41.7535,31.0547,31.0547
20250612,2607,榮運,listed,33.4,33.6,33.15,33.3,3249280.0,108478190.0,,data/daily_price/20250612.csv,33.71,33.8325,31.6033,31.3554,33.2555,-0.7452,-1.1869,5.8824,2.9366,7.074,3519674.3,0.9232,35.4,35.4,57.6,31.35,25.6,25.6,-1.5739,5.3686,6.2017,0.1338,-5.9322,-5.9322,-42.1875,30.0781,30.0781
20250613,2607,榮運,listed,31.8,32.35,31.65,32.1,1561560.0,50152762.0,,data/daily_price/20250613.csv,33.34,33.8525,31.6058,31.3625,33.1592,-3.6036,-5.4492,1.2618,0.4695,2.72,3497598.9,0.4465,35.4,35.4,57.6,31.65,25.6,25.6,-5.1769,1.5635,2.3515,-3.1943,-9.322,-9.322,-44.2708,25.3906,25.3906
20250616,2607,榮運,listed,32.1,32.6,31.95,32.35,1051886.0,34089349.0,,data/daily_price/20250616.csv,33.03,33.875,31.6083,31.3692,33.0918,0.7788,-4.5723,1.4107,0.4658,2.5357,3425688.05,0.3071,35.4,35.4,57.6,31.65,25.6,25.6,-4.5018,2.3464,3.1267,-2.2416,-8.6158,-8.6158,-43.8368,26.3672,26.3672
20250617,2607,榮運,listed,32.3,33.35,32.2,33.3,5980345.0,197880205.0,,data/daily_price/20250617.csv,32.92,33.855,31.6283,31.3867,33.1091,2.9366,-1.6248,-1.1869,3.7383,6.7308,3027802.75,1.9751,35.4,35.4,57.6,31.65,25.6,25.6,-1.6393,5.2853,6.096,0.5765,-5.9322,-5.9322,-42.1875,30.0781,30.0781
20250618,2607,榮運,listed,33.75,34.3,33.5,34.0,8831501.0,299966401.0,,data/daily_price/20250618.csv,33.01,33.86,31.6592,31.4125,33.1834,2.1021,1.3413,0.295,5.7543,10.0324,3168453.65,2.7873,35.4,35.4,57.6,31.65,25.6,25.6,0.4135,7.3939,8.2372,2.461,-3.9548,-3.9548,-40.9722,32.8125,32.8125
20250619,2607,榮運,listed,33.95,34.5,33.8,34.05,6413095.0,218613724.0,,data/daily_price/20250619.csv,33.16,33.8725,31.6908,31.4404,33.2556,0.1471,2.2523,0.7396,5.9098,10.9121,3321053.35,1.931,35.4,35.4,57.6,31.65,25.6,25.6,0.524,7.4443,8.3001,2.3888,-3.8136,-3.8136,-40.8854,33.0078,33.0078
20250620,2607,榮運,listed,34.05,34.4,33.05,33.05,5875719.0,196705310.0,,data/daily_price/20250620.csv,33.35,33.835,31.7025,31.4617,33.2385,-2.9369,2.9595,-2.2189,2.1638,8.3607,3483144.7,1.6869,35.4,35.4,57.6,31.65,25.6,25.6,-2.3201,4.2505,5.0485,-0.567,-6.6384,-6.6384,-42.6215,29.1016,29.1016
20250623,2607,榮運,listed,32.55,33.25,32.4,32.65,4456355.0,145835178.0,,data/daily_price/20250623.csv,33.41,33.7725,31.7092,31.4767,33.1894,-1.2103,0.9274,-3.6873,1.2403,5.8347,3628892.8,1.228,35.4,35.4,57.6,31.65,25.6,25.6,-3.3237,2.9671,3.7276,-1.6253,-7.7684,-7.7684,-43.316,27.5391,27.5391
20250624,2607,榮運,listed,33.0,33.45,32.6,32.85,4485134.0,148157163.0,,data/daily_price/20250624.csv,33.32,33.6825,31.715,31.4875,33.1611,0.6126,-1.3514,-5.1948,1.0769,4.1204,3603882.15,1.2445,35.4,35.4,57.6,31.65,25.6,25.6,-2.4716,3.5787,4.3271,-0.9382,-7.2034,-7.2034,-42.9688,28.3203,28.3203
20250625,2607,榮運,listed,32.85,33.65,32.85,33.5,3782904.0,126392625.0,,data/daily_price/20250625.csv,33.22,33.64,31.735,31.5012,33.1894,1.9787,-1.4706,-2.4745,3.7152,5.1805,3548183.25,1.0662,35.2,35.4,57.6,31.65,25.6,25.6,-0.4162,5.5617,6.345,0.9359,-4.8295,-5.3672,-41.8403,30.8594,30.8594
20250626,2607,榮運,listed,33.8,34.0,33.4,33.8,3436099.0,116176871.0,,data/daily_price/20250626.csv,33.17,33.62,31.7592,31.5212,33.2403,0.8955,-0.7342,-1.1696,4.4822,7.6433,3599022.35,0.9547,35.2,35.4,57.6,31.65,25.6,25.6,0.5354,6.426,7.2293,1.6839,-3.9773,-4.5198,-41.3194,32.0312,32.0312
20250627,2607,榮運,listed,33.9,34.25,33.75,34.2,4343989.0,147834142.0,,data/daily_price/20250627.csv,33.4,33.6,31.79,31.5446,33.3202,1.1834,3.4796,-1.1561,5.7187,8.9172,3660587.5,1.1867,35.2,35.4,57.6,31.65,25.6,25.6,1.7857,7.581,8.418,2.6403,-2.8409,-3.3898,-40.625,33.5938,33.5938
20250630,2607,榮運,listed,34.25,34.25,33.45,33.85,2767597.0,93657803.0,,data/daily_price/20250630.csv,33.64,33.555,31.8208,31.5625,33.3644,-1.0234,3.6753,-2.5899,5.7813,6.7823,3650751.65,0.7581,35.2,35.4,57.6,31.65,25.6,25.6,0.8792,6.3768,7.2475,1.4555,-3.8352,-4.3785,-41.2326,32.2266,32.2266
20250701,2607,榮運,listed,33.75,34.4,33.75,34.4,3731080.0,127692755.0,,data/daily_price/20250701.csv,33.95,33.54,31.8675,31.5829,33.4507,1.6248,4.7184,-0.8646,8.8608,7.6682,3697290.35,1.0091,35.2,35.4,57.6,31.65,25.6,25.6,2.5641,7.947,8.9196,2.838,-2.2727,-2.8249,-40.2778,34.375,34.375
20250702,2607,榮運,listed,34.4,34.9,33.85,34.9,3055942.0,105796692.0,,data/daily_price/20250702.csv,34.23,33.5625,31.8992,31.6087,33.5715,1.4535,4.1791,1.3062,5.7576,9.7484,3715743.85,0.8224,34.9,35.4,57.6,31.65,25.6,25.6,3.9851,9.4072,10.4125,3.9573,0.0,-1.4124,-39.4097,36.3281,36.3281
20250703,2607,榮運,listed,34.8,35.25,34.75,35.1,2689800.0,94295849.0,,data/daily_price/20250703.csv,34.49,33.6325,31.9392,31.6379,33.6988,0.5731,3.8462,4.1543,7.3394,11.0759,3686215.5,0.7297,35.25,35.4,57.6,31.65,25.6,25.6,4.3633,9.8964,10.9428,4.1579,-0.4255,-0.8475,-39.0625,37.1094,37.1094
20250704,2607,榮運,listed,34.9,35.3,34.6,34.8,1423400.0,49598527.0,,data/daily_price/20250704.csv,34.61,33.675,32.0283,31.6667,33.7906,-0.8547,1.7544,2.5037,18.1664,11.0048,3687353.15,0.386,35.3,35.4,57.6,31.65,25.6,25.6,3.3408,8.6538,9.8947,2.9872,-1.4164,-1.6949,-39.5833,35.9375,35.9375
20250707,2607,榮運,listed,35.1,35.1,34.45,34.6,915067.0,31694798.0,,data/daily_price/20250707.csv,34.76,33.71,32.1325,31.6962,33.8581,-0.5747,2.2157,2.0649,22.0459,11.4332,3649759.8,0.2507,35.3,35.4,57.6,31.65,25.6,25.6,2.6402,7.6791,9.1612,2.1913,-1.983,-2.2599,-39.9306,35.1562,35.1562
20250708,2607,榮運,listed,34.6,34.8,34.35,34.5,1033058.0,35698872.0,,data/daily_price/20250708.csv,34.78,33.7425,32.2692,31.7233,33.9115,-0.289,0.2907,1.9202,31.1787,10.4,3617661.1,0.2856,35.3,35.4,57.6,31.65,27.8,25.6,2.2449,6.9132,8.7528,1.7353,-2.2663,-2.5424,-40.1042,24.1007,34.7656
20250709,2607,榮運,listed,34.35,34.55,34.2,34.4,1104018.0,37983180.0,,data/daily_price/20250709.csv,34.68,33.785,32.3608,31.7471,33.9523,-0.2899,-1.4327,2.5335,19.0311,9.0333,3509391.45,0.3146,35.3,35.4,57.6,31.65,27.8,25.6,1.8203,6.3013,8.3564,1.3188,-2.5496,-2.8249,-40.2778,23.741,34.375
20250710,2607,榮運,listed,34.25,34.35,34.05,34.15,1096307.0,37496232.0,,data/daily_price/20250710.csv,34.49,33.8275,32.4467,31.7704,33.9687,-0.7267,-2.7066,2.5526,17.7586,8.9314,3401742.8,0.3223,35.3,35.4,57.6,31.65,27.8,25.6,0.9534,5.2496,7.4899,0.5336,-3.2578,-3.5311,-40.7118,22.8417,33.3984
20250711,2607,榮運,listed,34.0,34.4,34.0,34.25,1136777.0,38933181.0,,data/daily_price/20250711.csv,34.38,33.935,32.5258,31.7942,33.9922,0.2928,-1.5805,6.6978,16.1017,9.0764,3380503.65,0.3363,35.3,35.4,57.6,31.95,27.8,25.6,0.9282,5.3009,7.7242,0.7585,-2.9745,-3.2486,-40.5382,23.2014,33.7891
20250714,2607,榮運,listed,34.2,35.0,34.2,34.8,1665384.0,57882902.0,,data/daily_price/20250714.csv,34.42,34.0575,32.6233,31.8246,34.0595,1.6058,0.578,7.5734,20.2073,11.7175,3411178.55,0.4882,35.3,35.4,57.6,32.2,27.8,25.6,2.1801,6.6721,9.3494,2.1742,-1.4164,-1.6949,-39.5833,25.1799,35.9375
20250715,2607,榮運,listed,35.05,35.4,34.25,34.5,2287538.0,79560792.0,,data/daily_price/20250715.csv,34.42,34.1175,32.715,31.8546,34.0962,-0.8621,0.0,3.6036,18.9655,11.6505,3226538.2,0.709,35.4,35.4,57.6,32.4,27.8,25.6,1.1211,5.4562,8.3047,1.1843,-2.5424,-2.5424,-40.1042,24.1007,34.7656
20250716,2607,榮運,listed,34.3,34.75,34.15,34.75,1665930.0,57562074.0,,data/daily_price/20250716.csv,34.49,34.155,32.8083,31.8921,34.1507,0.7246,1.0174,2.2059,19.211,14.876,2868259.65,0.5808,35.4,35.4,57.6,32.4,27.8,25.6,1.7421,5.9182,8.9612,1.7549,-1.8362,-1.8362,-39.6701,25.0,35.7422
20250717,2607,榮運,listed,35.0,35.0,34.6,34.8,1173741.0,40781950.0,,data/daily_price/20250717.csv,34.62,34.1925,32.9183,31.9304,34.2048,0.1439,1.9034,2.2026,23.4043,15.2318,2606291.95,0.4503,35.4,35.4,57.6,32.4,27.8,25.6,1.7767,5.7162,8.987,1.7401,-1.6949,-1.6949,-39.5833,25.1799,35.9375
20250718,2607,榮運,listed,35.0,35.15,34.5,34.7,1675836.0,58246827.0,,data/daily_price/20250718.csv,34.71,34.275,33.0283,31.9721,34.2461,-0.2874,1.3139,4.9924,23.4875,16.835,2396297.8,0.6993,35.4,35.4,57.6,32.4,28.4,25.6,1.24,5.0613,8.5322,1.3255,-1.9774,-1.9774,-39.7569,22.1831,35.5469
20250721,2607,榮運,listed,34.6,35.15,34.4,34.6,2168294.0,75314039.0,,data/daily_price/20250721.csv,34.67,34.3725,33.1275,32.0108,34.2756,-0.2882,-0.5747,5.9724,20.7679,15.5259,2281894.75,0.9502,35.4,35.4,57.6,32.6,28.85,25.6,0.6619,4.4449,8.0884,0.9466,-2.2599,-2.2599,-39.9306,19.9307,35.1562
20250722,2607,榮運,listed,34.6,34.7,34.0,34.25,3263203.0,111914388.0,,data/daily_price/20250722.csv,34.62,34.4425,33.2142,32.0462,34.2734,-1.0116,-0.7246,4.2618,17.9002,14.1667,2220798.2,1.4694,35.4,35.4,57.6,32.85,28.85,25.6,-0.5589,3.1186,6.8768,-0.0683,-3.2486,-3.2486,-40.5382,18.7175,33.7891
20250723,2607,榮運,listed,34.45,34.9,34.3,34.9,2636821.0,91368541.0,,data/daily_price/20250723.csv,34.65,34.5125,33.3133,32.0837,34.3256,1.8978,0.4317,4.1791,20.5527,14.8026,2163494.05,1.2188,35.4,35.4,57.6,33.4,28.9,25.6,1.1228,4.7629,8.7778,1.6733,-1.4124,-1.4124,-39.4097,20.7612,36.3281
20250724,2607,榮運,listed,34.95,35.3,34.45,34.85,2933315.0,102036862.0,,data/daily_price/20250724.csv,34.66,34.565,33.4067,31.9008,34.3693,-0.1433,0.1437,3.1065,19.1453,-38.6444,2138354.85,1.3718,35.4,35.4,35.4,33.45,28.9,25.6,0.8245,4.3205,9.2448,1.3985,-1.5537,-1.5537,-1.5537,20.5882,36.1328
20250725,2607,榮運,listed,34.8,35.05,34.45,34.5,2022353.0,70034770.0,,data/daily_price/20250725.csv,34.62,34.58,33.4917,31.9358,34.3802,-1.0043,-0.5764,0.8772,17.3469,13.8614,2022273.05,1.0,35.4,35.4,35.4,33.45,28.9,25.6,-0.2313,3.0107,8.0291,0.3484,-2.5424,-2.5424,-2.5424,19.3772,34.7656
20250728,2607,榮運,listed,34.6,34.6,34.1,34.35,1780235.0,60990774.0,,data/daily_price/20250728.csv,34.57,34.605,33.5825,31.9708,34.3777,-0.4348,-0.7225,1.4771,18.8581,13.9303,1972904.95,0.9023,35.4,35.4,35.4,33.75,29.0,25.6,-0.7369,2.2854,7.4417,-0.0806,-2.9661,-2.9661,-2.9661,18.4483,34.1797
20250729,2607,榮運,listed,34.3,34.5,34.05,34.3,925885.0,31669008.0,,data/daily_price/20250729.csv,34.58,34.6,33.645,32.005,34.3712,-0.1456,0.146,-0.2907,12.275,13.5762,1832645.2,0.5052,35.4,35.4,35.4,33.85,30.4,25.6,-0.8671,1.9468,7.1708,-0.2072,-3.1073,-3.1073,-3.1073,12.8289,33.9844
20250730,2607,榮運,listed,34.1,34.7,34.1,34.7,806072.0,27873124.0,,data/daily_price/20250730.csv,34.54,34.59,33.705,32.045,34.3986,1.1662,-0.5731,-0.5731,11.5756,16.0535,1720151.7,0.4686,35.4,35.4,35.4,34.0,30.4,25.6,0.318,2.9521,8.2852,0.8761,-1.9774,-1.9774,-1.9774,14.1447,35.5469
20250731,2607,榮運,listed,34.5,34.7,34.25,34.35,868792.0,29888021.0,,data/daily_price/20250731.csv,34.44,34.5525,33.7675,32.085,34.3946,-1.0086,-1.4347,-2.1368,12.2549,16.2437,1629101.3,0.5333,35.4,35.4,35.4,34.0,30.5,25.6,-0.5861,1.725,7.0594,-0.1296,-2.9661,-2.9661,-2.9661,12.623,34.1797
20250801,2607,榮運,listed,34.3,35.0,34.2,35.0,1374658.0,47746498.0,,data/daily_price/20250801.csv,34.54,34.5625,33.84,32.1283,34.445,1.8923,1.4493,0.5747,14.1925,17.4497,1626664.2,0.8451,35.4,35.4,35.4,34.0,30.5,25.6,1.2658,3.4279,8.9381,1.6112,-1.1299,-1.1299,-1.1299,14.7541,36.7188
20250804,2607,榮運,listed,34.8,36.9,34.8,36.8,6646652.0,239007132.0,,data/daily_price/20250804.csv,35.03,34.6725,33.945,32.1842,34.6413,5.1429,7.1325,6.3584,20.6557,22.2591,1913243.45,3.474,36.9,36.9,36.9,34.0,30.5,25.6,6.136,8.4107,14.3419,6.2317,-0.271,-0.271,-0.271,20.6557,43.75
20250805,2607,榮運,listed,37.0,37.5,36.5,37.35,4117927.0,152694744.0,,data/daily_price/20250805.csv,35.64,34.815,34.0542,32.2463,34.867,1.4946,8.8921,8.2609,21.2662,24.9164,2067486.9,1.9918,37.5,37.5,37.5,34.0,30.75,25.6,7.2813,9.6782,15.8274,7.1213,-0.4,-0.4,-0.4,21.4634,45.8984
20250806,2607,榮運,listed,37.3,37.45,36.9,37.0,2054601.0,76399222.0,,data/daily_price/20250806.csv,36.1,34.945,34.1567,32.3054,35.0448,-0.9371,6.6282,7.5581,19.9352,23.7458,2115016.05,0.9714,37.5,37.5,37.5,34.0,31.0,25.6,5.8807,8.3244,14.5319,5.5793,-1.3333,-1.3333,-1.3333,19.3548,44.5312
20250807,2607,榮運,listed,37.1,37.3,36.85,37.0,1460763.0,54076057.0,,data/daily_price/20250807.csv,36.63,35.0875,34.2492,32.3638,35.2077,0.0,7.7147,8.3455,17.6471,23.3333,2133238.85,0.6848,37.5,37.5,37.5,34.0,31.35,25.6,5.4507,8.0318,14.3254,5.0907,-1.3333,-1.3333,-1.3333,18.0223,44.5312
20250808,2607,榮運,listed,37.25,37.9,37.15,37.8,3767540.0,141714846.0,,data/daily_price/20250808.csv,37.19,35.265,34.3508,32.4292,35.4237,2.1622,8.0,10.365,19.2429,26.2104,2264777.0,1.6635,37.9,37.9,37.9,34.0,31.65,25.6,7.1884,10.041,16.5617,6.7082,-0.2639,-0.2639,-0.2639,19.4313,47.6562
20250811,2607,榮運,listed,37.8,38.5,37.25,37.25,3396248.0,128585908.0,,data/daily_price/20250811.csv,37.28,35.3875,34.44,32.4879,35.5759,-1.455,1.2228,7.0402,16.7712,23.3444,2351320.2,1.4444,38.5,38.5,38.5,34.0,31.65,25.6,5.2632,8.1591,14.658,4.7057,-3.2468,-3.2468,-3.2468,17.6935,45.5078
20250812,2607,榮運,listed,37.15,37.15,36.65,36.85,1876513.0,69065166.0,,data/daily_price/20250812.csv,37.18,35.505,34.4925,32.5433,35.6821,-1.0738,-1.3387,6.8116,9.3472,22.0199,2330768.95,0.8051,38.5,38.5,38.5,34.0,31.65,25.6,3.7882,6.8348,13.2336,3.2731,-4.2857,-4.2857,-4.2857,16.4297,43.9453
20250813,2607,榮運,listed,36.85,36.9,35.35,35.8,5129471.0,183588221.0,,data/daily_price/20250813.csv,36.94,35.5575,34.5242,32.5892,35.6919,-2.8494,-3.2432,3.0216,5.6047,18.1518,2503946.0,2.0486,38.5,38.5,38.5,34.0,31.65,25.6,0.682,3.6955,9.8525,0.3029,-7.013,-7.013,-7.013,13.1122,39.8437
20250814,2607,榮運,listed,35.7,36.65,35.65,36.2,2249714.0,81535172.0,,data/daily_price/20250814.csv,36.78,35.6275,34.5642,32.6388,35.7342,1.1173,-2.1622,4.023,7.1006,19.6694,2557744.65,0.8796,38.5,38.5,38.5,34.0,31.65,25.6,1.6069,4.7327,10.9111,1.3034,-5.974,-5.974,-5.974,14.376,41.4062
20250815,2607,榮運,listed,36.2,36.35,35.9,36.05,1303480.0,47039480.0,,data/daily_price/20250815.csv,36.43,35.695,34.6017,32.6871,35.7606,-0.4144,-4.6296,3.8905,6.6568,19.1736,2539126.85,0.5134,38.5,38.5,38.5,34.0,31.65,25.6,0.9945,4.1857,10.2882,0.8094,-6.3636,-6.3636,-6.3636,13.9021,40.8203
20250818,2607,榮運,listed,35.85,36.25,35.65,36.1,1498382.0,54000033.0,,data/daily_price/20250818.csv,36.2,35.77,34.6383,32.735,35.7888,0.1387,-3.0872,4.3353,6.4897,18.9456,2505631.25,0.598,38.5,38.5,38.5,34.0,31.65,25.6,0.9226,4.2198,10.2795,0.8694,-6.2338,-6.2338,-6.2338,14.06,41.0156
20250819,2607,榮運,listed,36.1,36.35,35.6,36.2,1757539.0,63376915.0,,data/daily_price/20250819.csv,36.07,35.8675,34.6642,32.7829,35.8231,0.277,-1.7639,5.6934,4.4733,18.8834,2430348.05,0.7232,38.5,38.5,38.5,34.05,31.65,25.6,0.927,4.4306,10.4234,1.0521,-5.974,-5.974,-5.974,14.376,41.4062
20250820,2607,榮運,listed,36.15,36.45,35.6,35.85,1738234.0,62369220.0,,data/daily_price/20250820.csv,36.08,35.915,34.6892,32.8258,35.8254,-0.9669,0.1397,2.7221,4.3668,16.7752,2385418.7,0.7287,38.5,38.5,38.5,34.05,31.65,25.6,-0.181,3.3464,9.2128,0.0688,-6.8831,-6.8831,-6.8831,13.2701,40.0391
20250821,2607,榮運,listed,35.95,36.25,35.5,35.5,1928623.0,68913416.0,,data/daily_price/20250821.csv,35.94,35.9475,34.7108,32.8671,35.7982,-0.9763,-1.9337,1.8651,3.8012,16.2029,2335184.1,0.8259,38.5,38.5,38.5,34.05,31.65,25.6,-1.2449,2.2735,8.0108,-0.8331,-7.7922,-7.7922,-7.7922,12.1643,38.6719
20250822,2607,榮運,listed,35.4,35.5,35.2,35.3,1214063.0,42866797.0,,data/daily_price/20250822.csv,35.79,35.9875,34.7225,32.9071,35.7567,-0.5634,-2.0804,2.3188,2.0231,15.7377,2294769.6,0.5291,38.5,38.5,38.5,34.05,31.65,25.6,-1.9104,1.6632,7.2717,-1.2773,-8.3117,-8.3117,-8.3117,11.5324,37.8906
20250825,2607,榮運,listed,35.4,35.65,35.15,35.2,2130516.0,75177207.0,,data/daily_price/20250825.csv,35.61,36.03,34.73,32.9483,35.7103,-0.2833,-2.4931,2.4745,1.295,16.3636,2312283.65,0.9214,38.5,38.5,38.5,34.05,31.65,25.6,-2.3036,1.3533,6.8339,-1.4291,-8.5714,-8.5714,-8.5714,11.2164,37.5
20250826,2607,榮運,listed,35.1,35.2,34.15,34.35,3891309.0,134304562.0,,data/daily_price/20250826.csv,35.24,36.0325,34.7242,32.9817,35.597,-2.4148,-5.1105,0.1458,-1.0086,13.1796,2460554.85,1.5815,38.5,38.5,38.5,34.1,31.65,25.6,-4.6694,-1.0775,4.1488,-3.503,-10.7792,-10.7792,-10.7792,8.5308,34.1797
20250827,2607,榮運,listed,34.4,34.9,34.4,34.4,1922841.0,66437476.0,,data/daily_price/20250827.csv,34.95,36.0175,34.7233,33.0146,35.4972,0.1456,-4.0446,-0.8646,-0.1451,12.9721,2516393.3,0.7641,38.5,38.5,38.5,34.15,31.65,25.6,-4.4909,-0.9312,4.1964,-3.091,-10.6494,-10.6494,-10.6494,8.6888,34.375
20250828,2607,榮運,listed,34.35,34.75,34.2,34.7,1237212.0,42714622.0,,data/daily_price/20250828.csv,34.79,36.035,34.74,33.0492,35.4308,0.8721,-2.2535,1.0189,2.9674,13.5843,2534814.3,0.4881,38.5,38.5,38.5,34.15,31.65,25.6,-3.7047,-0.1151,4.9951,-2.0626,-9.8701,-9.8701,-9.8701,9.6367,35.5469
20250829,2607,榮運,listed,34.8,34.8,34.0,34.15,1520884.0,52083800.0,,data/daily_price/20250829.csv,34.56,35.9925,34.7433,33.0792,35.3241,-1.585,-3.2578,-2.4286,0.5891,11.784,2542125.6,0.5983,38.5,38.5,38.5,34.0,31.65,25.6,-5.1191,-1.7078,3.2372,-3.3237,-11.2987,-11.2987,-11.2987,7.8989,33.3984
20250901,2607,榮運,listed,34.2,34.4,33.65,33.75,1338489.0,45354350.0,,data/daily_price/20250901.csv,34.27,35.84,34.7408,33.1071,35.1929,-1.1713,-4.1193,-8.288,-0.4425,11.0197,2276717.45,0.5879,38.5,38.5,38.5,33.65,31.65,25.6,-5.8315,-2.8521,1.9419,-4.0999,-12.3377,-12.3377,-12.3377,6.6351,31.8359
20250902,2607,榮運,listed,33.85,34.15,33.3,33.45,1932305.0,64770692.0,,data/daily_price/20250902.csv,34.09,35.645,34.7342,33.1321,35.0476,-0.8889,-2.6201,-10.4418,-1.1817,9.8522,2167436.35,0.8915,38.5,38.5,38.5,33.3,31.65,25.6,-6.1579,-3.6971,0.9595,-4.5585,-13.1169,-13.1169,-13.1169,5.6872,30.6641
20250903,2607,榮運,listed,33.5,33.6,33.2,33.45,1298868.0,43344998.0,,data/daily_price/20250903.csv,33.9,35.4675,34.7325,33.16,34.9145,0.0,-2.7616,-9.5946,-0.2981,11.1296,2129649.7,0.6099,38.5,38.5,38.5,33.2,31.65,25.6,-5.6883,-3.6925,0.8745,-4.1945,-13.1169,-13.1169,-13.1169,5.6872,30.6641
20250904,2607,榮運,listed,34.0,35.25,33.7,35.05,2791698.0,97190635.0,,data/daily_price/20250904.csv,33.97,35.37,34.7617,33.1825,34.9258,4.7833,1.0086,-5.2703,5.2553,8.3462,2196196.45,1.2712,38.5,38.5,38.5,33.2,31.65,25.6,-0.9047,0.8295,5.628,0.3556,-8.961,-8.961,-8.961,10.7425,36.9141
20250905,2607,榮運,listed,35.2,35.25,34.85,35.0,1403102.0,49076756.0,,data/daily_price/20250905.csv,34.14,35.23,34.81,33.2079,34.932,-0.1427,2.489,-7.4074,9.0343,9.5462,2077974.55,0.6752,38.5,38.5,38.5,33.2,31.95,25.6,-0.6529,0.5458,5.3966,0.1947,-9.0909,-9.0909,-9.0909,9.5462,36.7188
20250909,2607,榮運,listed,35.2,35.5,35.0,35.2,677318.0,23831743.0,,data/daily_price/20250909.csv,34.43,35.1275,34.8575,33.2329,34.9543,0.5714,4.2963,-5.5034,8.8099,9.3168,1942028.05,0.3488,37.15,38.5,38.5,33.2,32.2,25.6,0.2064,0.9826,5.9191,0.7029,-5.249,-8.5714,-8.5714,9.3168,37.5
20250910,2607,榮運,listed,35.2,35.6,35.05,35.4,1481217.0,52374389.0,,data/daily_price/20250910.csv,34.82,35.055,34.8925,33.2604,34.9915,0.5682,5.8296,-3.9349,6.3063,10.2804,1922263.25,0.7706,36.9,38.5,38.5,33.2,32.4,25.6,0.9842,1.4545,6.4328,1.1676,-4.065,-8.0519,-8.0519,9.2593,38.2812
20250911,2607,榮運,listed,35.2,35.25,34.85,34.85,1413046.0,49437162.0,,data/daily_price/20250911.csv,35.1,35.0075,34.9067,33.2829,34.9797,-1.5537,4.1854,-2.6536,2.5,8.3981,1736442.0,0.8138,36.65,38.5,38.5,33.2,32.4,25.6,-0.4499,-0.1623,4.7084,-0.3707,-4.9113,-9.4805,-9.4805,7.5617,36.1328
20250917,2607,榮運,listed,34.65,34.9,34.6,34.7,1050019.0,36423932.0,,data/daily_price/20250917.csv,35.03,34.9325,34.9175,33.3042,34.9564,-0.4304,-0.9986,-4.1436,1.909,7.9316,1676457.25,0.6263,36.45,38.5,38.5,33.2,32.4,25.6,-0.6656,-0.6229,4.1912,-0.7334,-4.8011,-9.8701,-9.8701,7.0988,35.5469
20250918,2607,榮運,listed,34.7,34.85,34.3,34.35,2229848.0,77063621.0,,data/daily_price/20250918.csv,34.9,34.8475,34.9392,33.3208,34.9058,-1.0086,-1.8571,-4.7157,3.9334,6.1824,1722775.65,1.2943,36.45,38.5,38.5,33.2,32.4,25.6,-1.4276,-1.6863,3.0887,-1.5924,-5.7613,-10.7792,-10.7792,6.0185,34.1797
20250919,2607,榮運,listed,34.35,34.75,34.25,34.75,1084364.0,37410061.0,,data/daily_price/20250919.csv,34.81,34.78,34.9742,33.3417,34.8928,1.1645,-1.2784,-3.7396,6.4319,7.7519,1702074.75,0.6371,36.45,38.5,38.5,33.2,32.6,25.6,-0.0863,-0.6409,4.2239,-0.4094,-4.6639,-9.7403,-9.7403,6.5951,35.7422
20250922,2607,榮運,listed,34.8,34.95,34.55,34.75,1668171.0,57958948.0,,data/daily_price/20250922.csv,34.68,34.7075,35.0058,33.3604,34.8809,0.0,-1.8362,-4.0055,5.7839,6.9231,1697606.35,0.9827,36.45,38.5,38.5,33.2,32.85,25.6,0.1225,-0.7308,4.1654,-0.3754,-4.6639,-9.7403,-9.7403,5.7839,35.7422
20250923,2607,榮運,listed,34.8,35.5,34.8,35.15,2443480.0,85934037.0,,data/daily_price/20250923.csv,34.74,34.6725,35.0333,33.3842,34.9034,1.1511,0.8608,-1.9526,4.9254,8.8235,1732868.65,1.4101,36.25,38.5,38.5,33.2,33.2,25.6,1.3772,0.333,5.2894,0.7066,-3.0345,-8.7013,-8.7013,5.8735,37.3047
20250924,2607,榮運,listed,35.15,35.45,34.95,35.0,2251095.0,79264454.0,,data/daily_price/20250924.csv,34.8,34.6475,35.0533,33.4062,34.9114,-0.4267,0.8646,-1.4085,3.5503,8.1917,1748992.25,1.2871,35.65,38.5,38.5,33.2,33.2,25.6,1.0174,-0.1521,4.7708,0.2537,-1.8233,-9.0909,-9.0909,5.4217,36.7188
20251007,2607,榮運,listed,60.1,60.2,58.1,59.0,1422145.0,84332406.0,,data/daily_price/20251007.csv,39.73,35.8325,35.4667,33.6283,36.9188,68.5714,71.7613,67.1388,72.5146,82.3802,1759396.35,0.8083,60.2,60.2,60.2,33.2,33.2,25.6,64.655,66.3534,75.4473,59.8102,-1.9934,-1.9934,-1.9934,77.7108,130.4688
20251008,2607,榮運,listed,59.0,59.0,55.8,56.1,2923679.0,166109251.0,,data/daily_price/20251008.csv,44.0,36.8775,35.8375,33.8292,38.5172,-4.9153,61.4388,59.375,65.7312,75.3125,1799054.5,1.6251,60.2,60.2,60.2,33.2,33.2,25.6,52.1253,56.5399,65.8332,45.6491,-6.8106,-6.8106,-6.8106,68.9759,119.1406
20251009,2607,榮運,listed,56.4,56.7,55.0,55.0,1543617.0,85969762.0,,data/daily_price/20251009.csv,48.05,37.91,36.1808,34.0242,39.8908,-1.9608,58.2734,60.1164,59.8837,74.0506,1681669.9,0.9179,60.2,60.2,60.2,33.2,33.2,25.6,45.0805,52.0142,61.6498,37.8764,-8.6379,-8.6379,-8.6379,65.6627,114.8438
20251013,2607,榮運,listed,53.8,56.8,53.4,56.4,1225460.0,68342720.0,,data/daily_price/20251013.csv,52.3,39.01,36.5392,34.2192,41.2666,2.5455,60.4552,63.9535,61.6046,70.9091,1646800.85,0.7441,60.2,60.2,60.2,33.2,33.2,25.6,44.5783,54.3549,64.8199,36.6724,-6.3123,-6.3123,-6.3123,69.8795,120.3125
20251014,2607,榮運,listed,57.3,60.8,57.3,58.6,2931551.0,174918132.0,,data/daily_price/20251014.csv,57.02,40.205,36.9308,34.435,42.711,3.9007,67.4286,68.8761,66.9516,79.2049,1731517.8,1.6931,60.8,60.8,60.8,33.2,33.2,25.6,45.753,58.675,70.1757,37.2011,-3.6184,-3.6184,-3.6184,76.506,128.9062
20251016,2607,榮運,listed,59.1,59.4,58.6,59.3,1629195.0,96137248.0,,data/daily_price/20251016.csv,57.08,41.4625,37.3392,34.6838,44.0934,1.1945,0.5085,73.6457,70.4023,101.3582,1736933.35,0.938,60.8,60.8,60.8,33.2,33.2,25.6,43.0208,58.8145,70.9734,34.4872,-2.4671,-2.4671,-2.4671,78.6145,131.6406
20251020,2607,榮運,listed,58.3,58.5,56.9,56.9,1200446.0,69024924.0,,data/daily_price/20251020.csv,57.24,42.62,37.7108,34.9217,45.1606,-4.0472,1.426,68.5926,64.4509,100.7055,1730031.2,0.6939,60.8,60.8,60.8,33.2,33.2,25.6,33.5054,50.885,62.9361,25.9947,-6.4145,-6.4145,-6.4145,71.3855,122.2656
20251021,2607,榮運,listed,57.0,57.3,56.2,56.4,928218.0,52465921.0,,data/daily_price/20251021.csv,57.52,43.7675,38.0758,35.1725,46.0973,-0.8787,2.5455,68.6099,63.4783,114.4487,1679826.85,0.5526,60.8,60.8,60.8,33.2,33.2,27.8,28.8627,48.1255,60.3525,22.35,-7.2368,-7.2368,-7.2368,69.8795,102.8777
20251022,2607,榮運,listed,56.4,56.8,56.1,56.8,592323.0,33479125.0,,data/daily_price/20251022.csv,57.6,44.935,38.4492,35.405,46.9892,0.7092,0.7092,69.8057,65.1163,96.5398,1644499.6,0.3602,60.8,60.8,60.8,33.7,33.2,27.8,26.4048,47.7275,60.4293,20.879,-6.5789,-6.5789,-6.5789,71.0843,104.3165
20251023,2607,榮運,listed,56.3,57.4,56.3,56.7,704646.0,40058486.0,,data/daily_price/20251023.csv,57.22,46.0175,38.825,35.6358,47.7984,-0.1761,-3.2423,61.7689,66.0322,95.5172,1540147.0,0.4575,60.8,60.8,60.8,34.25,33.2,27.8,23.214,46.0399,59.1095,18.6232,-6.7434,-6.7434,-6.7434,70.7831,103.9568
20251027,2607,榮運,listed,56.7,57.5,56.5,57.2,1021734.0,58133442.0,,data/daily_price/20251027.csv,56.8,47.1275,39.2075,35.8667,48.5819,0.8818,-3.5413,63.4286,67.0073,93.8983,1521078.6,0.6717,60.8,60.8,60.8,34.25,33.2,27.8,21.3729,45.8905,59.4796,17.7394,-5.9211,-5.9211,-5.9211,72.2892,105.7554
20251028,2607,榮運,listed,57.4,58.0,56.9,57.5,699720.0,40206915.0,,data/daily_price/20251028.csv,56.92,48.2425,39.5858,36.1046,49.325,0.5245,1.0545,63.3523,65.2299,98.6183,1522198.7,0.4597,60.8,60.8,60.8,34.25,33.2,27.8,19.1895,45.254,59.2596,16.5737,-5.4276,-5.4276,-5.4276,73.1928,106.8345
20251029,2607,榮運,listed,57.7,58.5,57.1,58.4,1248378.0,72575116.0,,data/daily_price/20251029.csv,57.32,49.3925,39.9842,36.3496,50.0813,1.5652,3.5461,64.9718,69.2754,101.3793,1510556.75,0.8264,60.8,60.8,60.8,34.25,33.2,27.8,18.2366,46.0578,60.6621,16.6104,-3.9474,-3.9474,-3.9474,75.9036,110.0719
20251030,2607,榮運,listed,58.4,60.2,58.2,58.6,1796798.0,106481452.0,,data/daily_price/20251030.csv,57.68,50.58,40.3817,36.595,50.7912,0.3425,3.169,68.1492,68.6331,101.0292,1529744.35,1.1746,60.8,60.8,60.8,34.25,33.2,27.8,15.8561,45.1154,60.1312,15.3744,-3.6184,-3.6184,-3.6184,76.506,110.7914
20251031,2607,榮運,listed,58.7,59.0,57.3,57.3,1069902.0,62007713.0,,data/daily_price/20251031.csv,57.8,51.71,40.7567,36.8375,51.3336,-2.2184,1.0582,65.1297,64.6552,103.1915,1530738.5,0.6989,60.8,60.8,60.8,34.25,33.2,27.8,10.8103,40.5905,55.548,11.6228,-5.7566,-5.7566,-5.7566,72.5904,106.1151
20251103,2607,榮運,TWSE,57.8,58.0,57.0,57.6,422304.0,,,data/daily_price/20251103.csv,57.88,52.8725,41.1383,37.0833,51.8558,0.5236,0.6993,67.6856,65.9942,104.9822,1440361.3,0.2932,60.8,60.8,60.8,34.25,33.2,28.4,8.9413,40.0154,55.3258,11.0773,-5.2632,-5.2632,-5.2632,73.494,102.8169
20251104,2607,榮運,TWSE,57.8,58.2,57.5,57.7,842151.0,,,data/daily_price/20251104.csv,57.92,54.02,41.5233,37.3254,52.3428,0.1736,0.3478,66.0432,66.763,101.3962,1428250.65,0.5896,60.8,60.8,60.8,34.55,33.2,28.85,6.8123,38.958,54.5864,10.2348,-5.0987,-5.0987,-5.0987,73.7952,100.0
20251105,2607,榮運,TWSE,57.0,57.8,56.5,57.8,919795.0,,,data/daily_price/20251105.csv,57.8,55.1725,41.9158,37.565,52.7976,0.1733,-1.0274,66.3309,68.7591,98.9673,1390831.85,0.6613,60.8,60.8,60.8,34.8,33.2,28.85,4.7623,37.8954,53.8666,9.4747,-4.9342,-4.9342,-4.9342,74.0964,100.3466
20251106,2607,榮運,TWSE,58.0,59.2,57.9,59.2,969398.0,,,data/daily_price/20251106.csv,57.92,56.375,42.3208,37.8171,53.3311,2.4221,1.0239,68.4211,69.6275,104.4905,1317127.75,0.736,60.8,60.8,60.8,34.95,33.2,28.9,5.0111,39.8838,56.543,11.0046,-2.6316,-2.6316,-2.6316,78.3133,104.8443
20251107,2607,榮運,TWSE,59.3,59.3,58.0,58.5,485550.0,,,data/daily_price/20251107.csv,58.16,57.55,42.715,38.0608,53.7618,-1.1824,2.0942,67.1429,67.8623,100.0,1228850.5,0.3951,60.8,60.8,60.8,53.4,33.2,28.9,1.6507,36.9542,53.7013,8.8132,-3.7829,-3.7829,-3.7829,76.2048,102.4221
20251110,2607,榮運,TWSE,58.1,58.1,56.8,57.4,907207.0,,,data/daily_price/20251110.csv,58.12,57.47,43.0967,38.2942,54.065,-1.8803,-0.3472,-2.7119,66.3768,95.2381,1203103.6,0.7541,60.8,60.8,60.8,53.4,33.2,28.9,-0.1218,33.189,49.8923,6.1685,-5.5921,-5.5921,-5.5921,72.8916,98.6159
20251111,2607,榮運,TWSE,57.5,57.5,56.5,56.6,601957.0,,,data/daily_price/20251111.csv,57.9,57.495,43.4675,38.525,54.2763,-1.3937,-1.9064,0.8913,64.7744,95.8478,1087017.5,0.5538,60.8,60.8,60.8,53.4,33.2,29.0,-1.5567,30.2122,46.9176,4.2813,-6.9079,-6.9079,-6.9079,70.4819,95.1724
20251112,2607,榮運,TWSE,57.0,57.7,56.8,57.0,817460.0,,,data/daily_price/20251112.csv,57.74,57.595,43.8458,38.7454,54.5032,0.7067,-1.3841,3.6364,66.1808,86.5794,1050709.65,0.778,60.8,60.8,60.8,53.4,33.2,30.4,-1.0331,30.001,47.1142,4.5809,-6.25,-6.25,-6.25,71.6867,87.5
20251113,2607,榮運,TWSE,57.0,57.8,56.9,57.3,660494.0,,,data/daily_price/20251113.csv,57.36,57.64,44.2225,38.9638,54.7363,0.5263,-3.2095,1.5957,65.1297,84.2444,1022461.35,0.646,60.8,60.8,60.8,56.1,33.2,30.4,-0.5899,29.5721,47.0598,4.6837,-5.7566,-5.7566,-5.7566,72.5904,88.4868
20251114,2607,榮運,TWSE,56.6,58.0,56.6,57.1,686482.0,,,data/daily_price/20251114.csv,57.08,57.565,44.6017,39.1846,54.9333,-0.349,-2.3932,-2.5597,66.23,86.6013,910207.9,0.7542,60.2,60.8,60.8,56.1,33.2,30.5,-0.8078,28.0221,45.7206,3.9443,-5.1495,-6.0855,-6.0855,71.988,87.2131
20251117,2607,榮運,TWSE,57.7,57.7,56.9,57.1,856641.0,,,data/daily_price/20251117.csv,57.02,57.455,44.97,39.405,55.1138,0.0,-0.5226,-3.7099,63.1429,86.2969,871580.2,0.9829,60.2,60.8,60.8,56.1,33.2,30.5,-0.6179,26.9735,44.9055,3.6037,-5.1495,-6.0855,-6.0855,71.988,87.2131
20251118,2607,榮運,TWSE,56.7,57.2,56.0,56.2,2023009.0,,,data/daily_price/20251118.csv,56.94,57.42,45.2933,39.6192,55.2044,-1.5762,-0.7067,-1.2302,52.7174,84.2623,912708.35,2.2165,60.2,60.8,60.8,56.0,33.2,30.5,-2.1247,24.0801,41.8505,1.8036,-6.6445,-7.5658,-7.5658,69.2771,84.2623
20251119,2607,榮運,TWSE,56.2,57.2,56.0,57.0,1098981.0,,,data/daily_price/20251119.csv,56.94,57.45,45.6208,39.8375,55.354,1.4235,0.0,1.0638,52.6104,85.0649,921246.5,1.1929,60.2,60.8,60.8,56.0,33.2,30.75,-0.7833,24.9429,43.0813,2.9736,-5.3156,-6.25,-6.25,71.6867,85.3659
20251120,2607,榮運,TWSE,57.8,58.2,57.2,58.0,796075.0,,,data/daily_price/20251120.csv,57.08,57.51,45.9708,40.0638,55.5745,1.7544,1.2216,2.1127,56.7568,88.0065,931434.1,0.8547,60.2,60.8,60.8,56.0,33.2,31.0,0.852,26.167,44.7693,4.3644,-3.6545,-4.6053,-4.6053,74.6988,87.0968
20251121,2607,榮運,TWSE,57.1,58.2,57.1,57.6,922503.0,,,data/daily_price/20251121.csv,57.18,57.555,46.3142,40.2817,55.7433,-0.6897,0.8757,1.5873,55.6757,83.1479,942326.95,0.979,60.2,60.8,60.8,56.0,33.2,31.35,0.0782,24.368,42.9931,3.3308,-4.3189,-5.2632,-5.2632,73.494,83.7321
20251124,2607,榮運,TWSE,58.1,58.5,57.3,57.8,999895.0,,,data/daily_price/20251124.csv,57.32,57.585,46.6475,40.4992,55.9147,0.3472,1.2259,1.049,52.9101,82.3344,941235.0,1.0623,60.2,60.8,60.8,56.0,33.2,31.65,0.3734,23.908,42.719,3.3718,-3.9867,-4.9342,-4.9342,74.0964,82.6224
20251125,2607,榮運,TWSE,58.2,58.4,57.7,58.2,590316.0,,,data/daily_price/20251125.csv,57.72,57.62,46.9967,40.7183,56.1051,0.692,3.5587,1.2174,56.2416,82.4451,935764.8,0.6308,60.2,60.8,60.8,56.0,33.2,31.65,1.0066,23.8386,42.9332,3.7338,-3.3223,-4.2763,-4.2763,75.3012,83.8863
20251126,2607,榮運,TWSE,58.2,59.5,58.2,59.1,963107.0,,,data/daily_price/20251126.csv,58.14,57.655,47.3675,40.93,56.3547,1.5464,3.6842,1.1986,60.3799,75.3709,921501.25,1.0451,60.2,60.8,60.8,56.0,33.2,31.65,2.5063,24.7691,44.3929,4.8715,-1.8272,-2.7961,-2.7961,78.012,86.7299
20251127,2607,榮運,TWSE,58.7,59.0,57.9,58.3,1069708.0,,,data/daily_price/20251127.csv,58.2,57.64,47.7425,41.1333,56.5168,-1.3536,0.5172,-0.5119,62.8492,71.9764,885146.75,1.2085,59.5,60.8,60.8,56.0,33.2,31.65,1.145,22.1134,41.7342,3.1552,-2.0168,-4.1118,-4.1118,75.6024,84.2022
20251128,2607,榮運,TWSE,58.2,58.7,58.1,58.3,636900.0,,,data/daily_price/20251128.csv,58.34,57.69,48.1108,41.3375,56.6654,0.0,1.2153,1.7452,61.0497,72.4852,863496.65,0.7376,59.5,60.8,60.8,56.0,33.2,31.65,1.0574,21.1785,41.0342,2.8846,-2.0168,-4.1118,-4.1118,75.6024,84.2022
20251201,2607,榮運,TWSE,57.8,58.7,57.8,58.2,366979.0,,,data/daily_price/20251201.csv,58.42,57.72,48.48,41.5408,56.7933,-0.1715,0.692,1.0417,61.4424,72.1893,860730.4,0.4264,59.5,60.8,60.8,56.0,33.2,31.65,0.8316,20.0495,40.1031,2.4769,-2.1849,-4.2763,-4.2763,75.3012,83.8863
20251202,2607,榮運,TWSE,58.3,58.9,58.1,58.9,515793.0,,,data/daily_price/20251202.csv,58.56,57.78,48.86,41.7492,56.9688,1.2027,1.2027,2.0797,63.1579,73.7463,844412.5,0.6108,59.5,60.8,60.8,56.0,33.2,31.65,1.9384,20.5485,41.0807,3.3898,-1.0084,-3.125,-3.125,77.4096,86.0979
20251203,2607,榮運,TWSE,59.2,59.2,57.9,58.4,782221.0,,,data/daily_price/20251203.csv,58.42,57.81,49.23,41.9471,57.0881,-0.8489,-1.1844,1.0381,61.326,68.5426,837533.8,0.934,59.5,60.8,60.8,56.0,33.2,31.65,1.0206,18.6269,39.223,2.298,-1.8487,-3.9474,-3.9474,75.9036,84.5182
20251204,2607,榮運,TWSE,58.7,58.9,58.2,58.6,595566.0,,,data/daily_price/20251204.csv,58.48,57.78,49.6092,42.1492,57.2141,0.3425,0.5146,-1.0135,63.4589,70.5968,818842.2,0.7273,59.5,60.8,60.8,56.0,33.2,31.65,1.4192,18.1233,39.03,2.4223,-1.5126,-3.6184,-3.6184,76.506,85.1501
20251205,2607,榮運,TWSE,58.6,58.8,58.2,58.5,394294.0,,,data/daily_price/20251205.csv,58.52,57.78,49.9925,42.3517,57.3213,-0.1706,0.3431,0.0,64.7887,71.0526,814279.4,0.4842,59.5,60.8,60.8,56.0,33.2,31.65,1.2461,17.0176,38.1292,2.0564,-1.6807,-3.7829,-3.7829,76.2048,84.8341
20251208,2607,榮運,TWSE,58.4,58.4,57.8,57.9,521369.0,,,data/daily_price/20251208.csv,58.46,57.805,50.3692,42.5458,57.3695,-1.0256,-0.5155,0.8711,64.0227,67.341,794987.5,0.6558,59.5,60.8,60.8,56.0,33.2,31.65,0.1643,14.9513,36.0885,0.9247,-2.6891,-4.7697,-4.7697,74.3976,82.9384
20251209,2607,榮運,TWSE,58.1,58.1,57.3,57.6,497231.0,,,data/daily_price/20251209.csv,58.2,57.855,50.7425,42.7362,57.3887,-0.5181,-2.2071,1.7668,63.6364,65.7554,789751.2,0.6296,59.5,60.8,60.8,56.0,33.2,31.65,-0.4408,13.5143,34.7802,0.3682,-3.1933,-5.2632,-5.2632,73.494,81.9905
20251210,2607,榮運,TWSE,57.6,57.8,57.3,57.7,423279.0,,,data/daily_price/20251210.csv,58.06,57.89,51.1317,42.9279,57.4146,0.1736,-1.1986,1.2281,67.9767,66.2824,770042.15,0.5497,59.5,60.8,60.8,56.0,33.2,31.65,-0.3282,12.8459,34.4114,0.497,-3.0252,-5.0987,-5.0987,73.7952,82.3065
20251211,2607,榮運,TWSE,57.6,57.9,57.2,57.8,452151.0,,,data/daily_price/20251211.csv,57.9,57.915,51.5217,43.1225,57.4468,0.1733,-1.3652,0.8726,68.0233,67.7794,759625.0,0.5952,59.5,60.8,60.8,56.0,33.2,31.65,-0.1986,12.1858,34.0368,0.6149,-2.8571,-4.9342,-4.9342,74.0964,82.6224
20251212,2607,榮運,TWSE,58.3,58.3,57.1,57.2,617618.0,,,data/daily_price/20251212.csv,57.64,57.92,51.8967,43.3183,57.4262,-1.0381,-2.2222,0.1751,64.8415,69.7329,756181.8,0.8168,59.5,60.8,60.8,56.0,33.2,31.65,-1.2431,10.219,32.0457,-0.3939,-3.8655,-5.9211,-5.9211,72.2892,80.7267
20251215,2607,榮運,TWSE,57.2,57.5,56.9,57.0,434444.0,,,data/daily_price/20251215.csv,57.46,57.915,52.2775,43.5104,57.3907,-0.3497,-1.5544,-0.1751,66.9107,67.894,735071.95,0.591,59.5,60.8,60.8,56.0,33.2,31.65,-1.5799,9.0335,31.0031,-0.6807,-4.2017,-6.25,-6.25,71.6867,80.0948
20251216,2607,榮運,TWSE,56.8,57.9,56.5,57.4,1081143.0,,,data/daily_price/20251216.csv,57.42,57.975,52.6717,43.7062,57.3915,0.7018,-0.3472,2.1352,70.0741,69.3215,687978.65,1.5715,59.5,60.8,60.8,56.0,33.2,31.65,-0.9918,8.977,31.3313,0.0149,-3.5294,-5.5921,-5.5921,72.8916,81.3586
20251217,2607,榮運,TWSE,57.1,58.2,57.1,57.4,1766207.0,,,data/daily_price/20251217.csv,57.36,57.995,53.0708,43.9025,57.3922,0.0,-0.5199,0.7018,71.5994,69.5716,721339.95,2.4485,59.5,60.8,60.8,56.5,33.2,31.65,-1.026,8.1573,30.7443,0.0137,-3.5294,-5.5921,-5.5921,72.8916,81.3586
20251218,2607,榮運,TWSE,57.6,57.6,56.7,56.8,2164953.0,,,data/daily_price/20251218.csv,57.16,57.935,53.46,44.0963,57.3428,-1.0453,-1.7301,-2.069,69.8057,69.2996,789783.85,2.7412,59.5,60.8,60.8,56.5,33.7,31.65,-1.9591,6.2477,28.8091,-0.9466,-4.5378,-6.5789,-6.5789,68.546,79.4629
20251219,2607,榮運,TWSE,56.5,57.7,56.5,57.7,2448841.0,,,data/daily_price/20251219.csv,57.26,57.94,53.8375,44.2996,57.3726,1.5845,0.8741,0.1736,64.622,73.2733,866100.75,2.8274,59.5,60.8,60.8,56.5,34.25,31.65,-0.4142,7.1744,30.2495,0.5707,-3.0252,-5.0987,-5.0987,68.4672,82.3065
20251222,2607,榮運,TWSE,57.9,58.1,57.0,58.0,2269964.0,,,data/daily_price/20251222.csv,57.46,57.95,54.2208,44.5154,57.4249,0.5199,1.7544,0.346,65.7143,80.6854,929604.2,2.4419,59.5,60.8,60.8,56.5,34.25,31.95,0.0863,6.97,30.2919,1.0015,-2.521,-4.6053,-4.6053,69.3431,81.5336
20251223,2607,榮運,TWSE,57.9,58.5,57.3,57.5,2617716.0,,,data/daily_price/20251223.csv,57.48,57.915,54.5925,44.725,57.4311,-0.8621,0.1742,-1.2027,63.3523,77.7434,1030974.2,2.5391,59.5,60.8,60.8,56.5,34.25,32.2,-0.7166,5.3258,28.5634,0.1199,-3.3613,-5.4276,-5.4276,67.8832,78.5714
20251224,2607,榮運,TWSE,58.2,60.8,58.0,58.0,3998760.0,,,data/daily_price/20251224.csv,57.6,57.86,54.9692,44.9308,57.4785,0.8696,1.0453,-1.8613,63.8418,74.1742,1182756.85,3.3809,60.8,60.8,60.8,56.5,34.25,32.4,0.242,5.5137,29.0873,0.9072,-4.6053,-4.6053,-4.6053,69.3431,79.0123
20251226,2607,榮運,TWSE,58.7,58.9,57.6,58.8,1970924.0,,,data/daily_price/20251226.csv,58.0,57.885,55.3683,45.1375,57.5887,1.3793,3.5211,0.8576,68.7231,72.9412,1227817.65,1.6052,60.8,60.8,60.8,56.5,34.25,32.4,1.5807,6.1979,30.2686,2.1034,-3.2895,-3.2895,-3.2895,71.6788,81.4815
20251229,2607,榮運,TWSE,58.8,59.1,57.5,57.5,3171978.0,,,data/daily_price/20251229.csv,57.96,57.845,55.7483,45.3329,57.5813,-2.2109,-0.3466,-1.3722,65.7061,68.8693,1354571.55,2.3417,60.8,60.8,60.8,56.5,34.25,32.4,-0.5964,3.1421,26.8394,-0.1411,-5.4276,-5.4276,-5.4276,67.8832,77.4691
20251230,2607,榮運,TWSE,58.0,58.1,57.6,57.8,426556.0,,,data/daily_price/20251230.csv,57.92,57.825,56.1392,45.5392,57.5995,0.5217,-0.3448,-0.6873,68.2678,74.8865,1357550.4,0.3142,60.8,60.8,60.8,56.5,34.25,32.4,-0.0432,2.9584,26.9237,0.3481,-4.9342,-4.9342,-4.9342,68.7591,78.3951
20251231,2607,榮運,TWSE,57.8,58.1,57.4,57.7,621268.0,,,data/daily_price/20251231.csv,57.96,57.765,56.5217,45.7479,57.6079,-0.173,0.3478,-2.0374,66.0432,76.7228,1362824.15,0.4559,60.8,60.8,60.8,56.5,34.55,32.6,-0.1125,2.0847,26.126,0.1599,-5.0987,-5.0987,-5.0987,67.0043,76.9939
20260102,2607,榮運,TWSE,57.7,57.8,56.6,56.6,2040461.0,,,data/daily_price/20260102.csv,57.68,57.675,56.8858,45.9458,57.5239,-1.9064,-2.4138,-3.0822,62.8777,72.2983,1425736.15,1.4312,60.8,60.8,60.8,56.5,34.8,32.85,-1.8639,-0.5025,23.1885,-1.6061,-6.9079,-6.9079,-6.9079,62.6437,72.2983
20260105,2607,榮運,TWSE,56.8,57.2,56.5,57.2,787879.0,,,data/daily_price/20260105.csv,57.36,57.605,57.2533,46.1433,57.4969,1.0601,-2.7211,-2.3891,62.7312,70.7463,1435351.8,0.5489,60.8,60.8,60.8,56.5,34.95,33.2,-0.7031,-0.0932,23.9616,-0.5164,-5.9211,-5.9211,-5.9211,63.6624,72.2892
20260106,2607,榮運,TWSE,57.0,57.3,56.7,57.0,856007.0,,,data/daily_price/20260106.csv,57.26,57.53,57.62,46.3367,57.4555,-0.3497,-0.8696,-2.5641,62.8571,68.6391,1458437.45,0.5869,60.8,60.8,60.8,56.5,53.4,33.2,-0.9213,-1.076,23.0127,-0.7928,-6.25,-6.25,-6.25,6.7416,71.6867
20260107,2607,榮運,TWSE,57.4,57.9,57.1,57.8,995223.0,,,data/daily_price/20260107.csv,57.26,57.525,57.6,46.5333,57.4842,1.4035,0.0,-0.1727,-2.0339,69.0058,1482130.15,0.6715,60.8,60.8,60.8,56.5,53.4,33.2,0.4781,0.3472,24.212,0.5494,-4.9342,-4.9342,-4.9342,8.2397,74.0964
20260108,2607,榮運,TWSE,57.4,58.0,57.3,57.4,1084511.0,,,data/daily_price/20260108.csv,57.2,57.515,57.6217,46.7296,57.4772,-0.692,-0.5199,-0.3472,2.3173,69.5716,1511494.15,0.7175,60.8,60.8,60.8,56.5,53.4,33.2,-0.1999,-0.3847,22.8344,-0.1343,-5.5921,-5.5921,-5.5921,7.4906,72.8916
20260109,2607,榮運,TWSE,57.4,58.0,57.3,57.6,414986.0,,,data/daily_price/20260109.csv,57.4,57.51,57.665,46.9229,57.4874,0.3484,1.7668,-0.1733,4.7273,67.4419,1511079.5,0.2746,60.8,60.8,60.8,56.5,53.4,33.2,0.1565,-0.1127,22.7545,0.1958,-5.2632,-5.2632,-5.2632,7.8652,73.494
20260112,2607,榮運,TWSE,57.8,57.9,57.5,57.9,385552.0,,,data/daily_price/20260112.csv,57.54,57.515,57.69,47.1146,57.5218,0.5208,1.2238,0.173,2.6596,65.9026,1507749.55,0.2557,60.8,60.8,60.8,56.5,56.0,33.2,0.6694,0.364,22.8919,0.6575,-4.7697,-4.7697,-4.7697,3.3929,74.3976
20260113,2607,榮運,TWSE,58.0,58.2,57.3,57.5,441015.0,,,data/daily_price/20260113.csv,57.64,57.53,57.6717,47.3012,57.52,-0.6908,0.8772,0.5245,-1.8771,63.8177,1498919.4,0.2942,60.8,60.8,60.8,56.5,56.0,33.2,-0.0521,-0.2977,21.5613,-0.0347,-5.4276,-5.4276,-5.4276,2.6786,73.1928
20260114,2607,榮運,TWSE,57.5,58.4,57.5,58.3,522818.0,,,data/daily_price/20260114.csv,57.74,57.595,57.655,47.4971,57.585,1.3913,0.8651,2.2807,-1.6863,67.5287,1503338.1,0.3478,60.8,60.8,60.8,56.5,56.0,33.2,1.2241,1.1187,22.7444,1.2417,-4.1118,-4.1118,-4.1118,4.1071,75.6024
20260115,2607,榮運,TWSE,58.3,58.5,58.0,58.5,310698.0,,,data/daily_price/20260115.csv,57.96,57.65,57.6817,47.6962,57.6612,0.3431,1.9164,1.9164,2.812,69.0751,1464815.85,0.2121,60.8,60.8,60.8,56.5,56.0,33.2,1.4744,1.4187,22.6512,1.4546,-3.7829,-3.7829,-3.7829,4.4643,76.2048
20260116,2607,榮運,TWSE,58.5,58.5,57.5,57.8,751403.0,,,data/daily_price/20260116.csv,58.0,57.67,57.705,47.8904,57.6728,-1.1966,0.3472,0.6969,2.4823,67.5362,1414075.65,0.5314,60.8,60.8,60.8,56.5,56.0,33.2,0.2254,0.1646,20.6922,0.2206,-4.9342,-4.9342,-4.9342,3.2143,74.0964
20260119,2607,榮運,TWSE,57.6,58.0,57.3,57.6,532271.0,,,data/daily_price/20260119.csv,57.94,57.71,57.7183,48.0838,57.6667,-0.346,-0.5181,1.4085,1.4085,67.4419,1332441.55,0.3995,60.8,60.8,60.8,56.5,56.0,33.2,-0.1906,-0.205,19.791,-0.1157,-5.2632,-5.2632,-5.2632,2.8571,73.494
20260120,2607,榮運,TWSE,57.2,58.5,57.2,58.3,790958.0,,,data/daily_price/20260120.csv,58.1,57.74,57.745,48.285,57.7195,1.2153,1.3913,1.0399,2.8219,70.7174,1249547.4,0.633,60.8,60.8,60.8,56.5,56.0,33.2,0.9699,0.9611,20.7414,1.0057,-4.1118,-4.1118,-4.1118,4.1071,75.6024
20260121,2607,榮運,TWSE,58.3,58.7,58.2,58.6,689679.0,,,data/daily_price/20260121.csv,58.16,57.77,57.7683,48.4879,57.7929,0.5146,0.5146,1.0345,2.4476,71.0949,1170533.15,0.5892,60.8,60.8,60.8,56.5,56.0,33.2,1.4367,1.4397,20.8549,1.3966,-3.6184,-3.6184,-3.6184,4.6429,76.506
20260122,2607,榮運,TWSE,58.8,59.2,58.7,59.1,696289.0,,,data/daily_price/20260122.csv,58.28,57.85,57.795,48.6904,57.9018,0.8532,1.0256,2.7826,2.7826,69.8276,1074461.8,0.648,60.8,60.8,60.8,56.5,56.0,33.2,2.1608,2.258,21.3791,2.0694,-2.7961,-2.7961,-2.7961,5.5357,78.012
20260123,2607,榮運,TWSE,59.1,59.1,57.8,57.8,581766.0,,,data/daily_price/20260123.csv,58.28,57.84,57.785,48.8846,57.8933,-2.1997,0.0,-0.3448,-1.0274,67.5362,903612.1,0.6438,59.2,60.8,60.8,56.5,56.0,33.2,-0.0692,0.026,18.2377,-0.1612,-2.3649,-4.9342,-4.9342,3.2143,74.0964
20260126,2607,榮運,TWSE,57.8,57.8,57.1,57.5,358136.0,,,data/daily_price/20260126.csv,58.26,57.775,57.7667,49.0742,57.8605,-0.519,-0.1736,-2.2109,-1.8771,65.4676,822972.7,0.4352,59.2,60.8,60.8,56.5,56.0,33.2,-0.476,-0.4616,17.1696,-0.6231,-2.8716,-5.4276,-5.4276,2.6786,73.1928
20260127,2607,榮運,TWSE,57.5,57.6,56.7,57.0,910483.0,,,data/daily_price/20260127.csv,58.0,57.75,57.7617,49.2592,57.7888,-0.8696,-2.2298,-0.8696,-0.5236,63.7931,709897.95,1.2826,59.2,60.8,60.8,56.5,56.0,33.2,-1.2987,-1.3186,15.7145,-1.365,-3.7162,-6.25,-6.25,1.7857,71.6867
20260128,2607,榮運,TWSE,57.3,57.5,56.7,57.0,476124.0,,,data/daily_price/20260128.csv,57.68,57.71,57.7517,49.445,57.7231,0.0,-2.7304,-1.3841,-1.0417,64.2651,712376.35,0.6684,59.2,60.8,60.8,56.5,56.0,33.2,-1.2303,-1.3015,15.2796,-1.2527,-3.7162,-6.25,-6.25,1.7857,71.6867
20260129,2607,榮運,TWSE,57.3,57.5,56.7,57.0,637185.0,,,data/daily_price/20260129.csv,57.26,57.675,57.74,49.6317,57.6628,0.0,-3.5533,-1.2132,-1.2132,64.7399,713172.2,0.8935,59.2,60.8,60.8,56.5,56.0,33.2,-1.1704,-1.2816,14.846,-1.1495,-3.7162,-6.25,-6.25,1.7857,71.6867
20260130,2607,榮運,TWSE,57.0,57.1,56.4,56.5,987895.0,,,data/daily_price/20260130.csv,57.0,57.67,57.7183,49.8171,57.5659,-0.8772,-2.2491,-0.1767,-2.2491,64.9635,660543.9,1.4956,59.2,60.8,60.8,56.4,56.0,33.2,-2.0288,-2.1108,13.4149,-1.8517,-4.5608,-7.0724,-7.0724,0.8929,70.1807
20260202,2607,榮運,TWSE,56.7,56.7,55.6,56.1,907628.0,,,data/daily_price/20260202.csv,56.72,57.615,57.6667,49.9938,57.4438,-0.708,-2.4348,-1.9231,-5.2365,60.745,666531.35,1.3617,59.2,60.8,60.8,55.6,55.6,33.2,-2.6295,-2.7168,12.214,-2.3393,-5.2365,-7.7303,-7.7303,0.8993,68.9759
20260203,2607,榮運,TWSE,56.4,56.9,56.1,56.2,506118.0,,,data/daily_price/20260203.csv,56.56,57.575,57.6283,50.1717,57.3401,0.1783,-1.4035,-1.4035,-3.9316,61.2626,649036.9,0.7798,59.2,60.8,60.8,55.6,55.6,33.2,-2.3882,-2.4785,12.0154,-1.9884,-5.0676,-7.5658,-7.5658,1.0791,69.2771
20260204,2607,榮運,TWSE,56.2,56.7,56.1,56.5,639225.0,,,data/daily_price/20260204.csv,56.46,57.51,57.6133,50.355,57.2701,0.5338,-0.8772,-2.2491,-1.5679,63.7681,631237.0,1.0127,59.2,60.8,60.8,55.6,55.6,33.2,-1.7562,-1.9324,12.2034,-1.3447,-4.5608,-7.0724,-7.0724,1.6187,70.1807
20260205,2607,榮運,TWSE,56.5,56.8,56.1,56.2,604137.0,,,data/daily_price/20260205.csv,56.3,57.45,57.6067,50.5371,57.1809,-0.531,-1.4035,-2.0906,-0.7067,63.6099,607218.3,0.9949,59.2,60.8,60.8,55.6,55.6,33.2,-2.1758,-2.4418,11.2055,-1.7155,-5.0676,-7.5658,-7.5658,1.0791,69.2771
20260206,2607,榮運,TWSE,56.1,56.3,55.4,56.0,447083.0,,,data/daily_price/20260206.csv,56.2,57.37,57.59,50.7179,57.0825,-0.3559,-0.885,-2.7778,-1.7544,63.2653,608823.15,0.7343,59.2,60.8,60.8,55.4,55.4,33.2,-2.388,-2.7609,10.4146,-1.8964,-5.4054,-7.8947,-7.8947,1.083,68.6747
20260209,2607,榮運,TWSE,56.5,56.6,56.0,56.0,403401.0,,,data/daily_price/20260209.csv,56.18,57.275,57.5683,50.8954,56.9923,0.0,-0.1783,-3.2815,-2.2688,61.3833,609715.6,0.6616,59.2,60.8,60.8,55.4,55.4,33.2,-2.2261,-2.7243,10.0296,-1.7411,-5.4054,-7.8947,-7.8947,1.083,68.6747
20260210,2607,榮運,TWSE,56.0,56.3,55.8,56.1,479802.0,,,data/daily_price/20260210.csv,56.16,57.205,57.5517,51.0767,56.918,0.1786,-0.1779,-2.4348,-1.7513,63.3188,611654.95,0.7844,59.2,60.8,60.8,55.4,55.4,33.2,-1.9316,-2.5224,9.8349,-1.4371,-5.2365,-7.7303,-7.7303,1.2635,68.9759
20260211,2607,榮運,TWSE,56.5,56.5,55.8,55.8,444888.0,,,data/daily_price/20260211.csv,56.02,57.08,57.53,51.25,56.8248,-0.5348,-1.2389,-4.2882,-2.2767,59.4286,607758.45,0.732,59.2,60.8,60.8,55.4,55.4,33.2,-2.2425,-3.0071,8.878,-1.8034,-5.7432,-8.2237,-8.2237,0.722,68.0723
20260223,2607,榮運,TWSE,56.1,56.4,55.1,55.3,1333750.0,,,data/daily_price/20260223.csv,55.84,56.92,57.515,51.4042,56.6977,-0.8961,-1.6014,-5.4701,-1.6014,50.2717,658911.05,2.0242,59.2,60.8,60.8,55.1,55.1,33.2,-2.8461,-3.8512,7.5788,-2.4652,-6.5878,-9.0461,-9.0461,0.363,66.5663
20260224,2607,榮運,TWSE,55.3,55.7,55.1,55.5,758344.0,,,data/daily_price/20260224.csv,55.74,56.805,57.49,51.5554,56.5979,0.3617,-0.8929,-3.9792,-2.6316,48.5944,659258.1,1.1503,59.2,60.8,60.8,55.1,55.1,33.2,-2.2973,-3.4615,7.6512,-1.9399,-6.25,-8.7171,-8.7171,0.726,67.1687
20260225,2607,榮運,TWSE,55.8,56.0,55.4,56.0,595158.0,,,data/daily_price/20260225.csv,55.74,56.725,57.4567,51.7138,56.5481,0.9009,0.0,-2.7778,-3.4483,51.3514,662402.45,0.8985,59.2,60.8,60.8,55.1,55.1,33.2,-1.2781,-2.5352,8.2884,-0.9692,-5.4054,-7.8947,-7.8947,1.6334,68.6747
20260226,2607,榮運,TWSE,56.2,56.7,55.8,55.9,744681.0,,,data/daily_price/20260226.csv,55.7,56.605,57.4283,51.8713,56.4941,-0.1786,-0.3565,-4.1166,-2.9514,51.0811,660088.6,1.1282,59.2,60.8,60.8,55.1,55.1,33.2,-1.2455,-2.6613,7.7668,-1.0516,-5.5743,-8.0592,-8.0592,1.4519,68.3735
20260302,2607,榮運,TWSE,56.5,57.0,55.7,57.0,639899.0,,,data/daily_price/20260302.csv,55.94,56.525,57.415,52.0312,56.5362,1.9678,2.1505,-2.7304,-1.3841,50.7937,657599.6,0.9731,59.2,60.8,60.8,55.1,55.1,33.2,0.8403,-0.7228,9.5495,0.8203,-3.7162,-6.25,-6.25,3.4483,71.6867
20260303,2607,榮運,TWSE,57.0,57.7,56.6,56.9,448347.0,,,data/daily_price/20260303.csv,56.26,56.415,57.3933,52.195,56.5666,-0.1754,2.8933,-3.7225,-2.2337,52.7517,645202.5,0.6949,59.1,60.8,60.8,55.1,55.1,33.2,0.8597,-0.8596,9.0143,0.5895,-3.7225,-6.4145,-6.4145,3.2668,71.3855
20260304,2607,榮運,TWSE,57.2,57.2,54.7,54.7,1230824.0,,,data/daily_price/20260304.csv,56.1,56.26,57.32,52.3438,56.411,-3.8664,-1.4414,-5.3633,-7.445,48.4396,677655.4,1.8163,57.8,60.8,60.8,54.7,54.7,33.2,-2.7728,-4.5708,4.5015,-3.0331,-5.3633,-10.0329,-10.0329,0.0,64.759
20260305,2607,榮運,TWSE,55.5,55.7,54.6,54.6,537476.0,,,data/daily_price/20260305.csv,55.82,56.115,57.2583,52.5004,56.2601,-0.1828,-2.5,-5.0435,-6.3465,52.514,686622.4,0.7828,57.7,60.8,60.8,54.6,54.6,33.2,-2.6998,-4.6427,3.9992,-2.9507,-5.3726,-10.1974,-10.1974,0.0,64.4578
20260306,2607,榮運,TWSE,54.5,56.0,54.2,56.0,638608.0,,,data/daily_price/20260306.csv,55.84,56.065,57.22,52.6654,56.2384,2.5641,0.1789,-1.7544,-3.9451,54.6961,673028.65,0.9489,57.7,60.8,60.8,54.2,54.2,33.2,-0.1159,-2.1321,6.3316,-0.4239,-2.9463,-7.8947,-7.8947,3.321,68.6747
20260309,2607,榮運,TWSE,54.3,55.4,53.9,54.9,936788.0,,,data/daily_price/20260309.csv,55.42,55.96,57.165,52.8225,56.1269,-1.9643,-3.6842,-3.6842,-5.6701,52.2885,696061.85,1.3458,57.7,60.8,60.8,53.9,53.9,33.2,-1.8942,-3.9622,3.933,-2.1859,-4.8527,-9.7039,-9.7039,1.8553,65.3614
20260310,2607,榮運,TWSE,55.5,56.1,54.5,54.6,713042.0,,,data/daily_price/20260310.csv,54.96,55.84,57.0933,52.9767,55.9996,-0.5464,-4.0422,-4.2105,-7.3005,51.2465,699854.7,1.0188,57.7,60.8,60.8,53.9,53.9,33.2,-2.2206,-4.3671,3.0642,-2.4994,-5.3726,-10.1974,-10.1974,1.2987,64.4578
20260311,2607,榮運,TWSE,54.9,55.5,54.9,55.3,301177.0,,,data/daily_price/20260311.csv,55.08,55.78,57.0417,53.1358,55.9413,1.2821,1.0969,-2.1239,-5.3082,52.7624,665518.8,0.4525,57.7,60.8,60.8,53.9,53.9,33.2,-0.8605,-3.0533,4.0729,-1.1464,-4.1594,-9.0461,-9.0461,2.5974,66.5663
20260312,2607,榮運,TWSE,55.0,55.2,54.7,55.0,493261.0,,,data/daily_price/20260312.csv,55.16,55.725,56.9817,53.2954,55.8629,-0.5425,0.7326,-1.9608,-6.1433,53.417,644800.45,0.765,57.7,60.8,60.8,53.9,53.9,33.2,-1.301,-3.4777,3.1984,-1.5447,-4.6794,-9.5395,-9.5395,2.0408,65.6627
20260313,2607,榮運,TWSE,54.9,55.2,53.2,53.7,2011756.0,,,data/daily_price/20260313.csv,54.7,55.6,56.9017,53.4471,55.6827,-2.3636,-4.1071,-4.4484,-8.2051,51.2676,720082.35,2.7938,57.7,60.8,60.8,53.2,53.2,33.2,-3.4173,-5.6267,0.4732,-3.5606,-6.9324,-11.6776,-11.6776,0.9398,61.747
20260316,2607,榮運,TWSE,54.2,54.5,53.7,54.2,647423.0,,,data/daily_price/20260316.csv,54.56,55.485,56.84,53.6046,55.5591,0.9311,-1.275,-4.0708,-6.3903,53.5411,720492.25,0.8986,57.7,60.8,60.8,53.2,53.2,33.2,-2.3159,-4.6446,1.1108,-2.4462,-6.0659,-10.8553,-10.8553,1.8797,63.253
20260317,2607,榮運,TWSE,54.3,54.7,53.9,53.9,448266.0,,,data/daily_price/20260317.csv,54.42,55.37,56.7783,53.7604,55.4208,-0.5535,-1.2821,-4.0925,-6.4236,53.125,712698.7,0.629,57.7,60.8,60.8,53.2,53.2,33.2,-2.6549,-5.0694,0.2596,-2.7442,-6.5858,-11.3487,-11.3487,1.3158,62.3494
20260318,2607,榮運,TWSE,54.4,54.4,53.4,53.8,525430.0,,,data/daily_price/20260318.csv,54.12,55.26,56.7133,53.9225,55.2858,-0.1855,-2.7125,-3.9286,-6.7591,56.623,716616.05,0.7332,57.7,60.8,60.8,53.2,53.2,33.2,-2.6421,-5.1369,-0.2272,-2.6874,-6.7591,-11.5132,-11.5132,1.1278,62.0482
20260319,2607,榮運,TWSE,53.5,53.5,52.6,52.9,878294.0,,,data/daily_price/20260319.csv,53.7,55.105,56.6317,54.0767,55.087,-1.6729,-3.8182,-5.5357,-8.4775,53.7791,740360.7,1.1863,57.7,60.8,60.8,52.6,52.6,33.2,-4.0015,-6.5894,-2.1759,-3.97,-8.3189,-12.9934,-12.9934,0.5703,59.3373
20260320,2607,榮運,TWSE,52.7,53.0,52.1,52.3,644293.0,,,data/daily_price/20260320.csv,53.42,54.915,56.55,54.2233,54.8547,-1.1342,-2.6071,-6.7736,-8.5664,50.7205,748585.25,0.8607,57.7,60.8,60.8,52.1,52.1,33.2,-4.7619,-7.5155,-3.5471,-4.6572,-9.3588,-13.9803,-13.9803,0.3839,57.5301
20260323,2607,榮運,TWSE,51.2,52.2,51.2,51.5,617342.0,,,data/daily_price/20260323.csv,52.88,54.7,56.4583,54.3679,54.5752,-1.5296,-4.9815,-7.7061,-9.6491,50.8053,757207.95,0.8153,57.7,60.8,60.8,51.2,51.2,33.2,-5.8501,-8.7823,-5.275,-5.6347,-10.7452,-15.2961,-15.2961,0.5859,55.1205
20260324,2607,榮運,TWSE,52.1,52.2,51.4,51.5,451954.0,,,data/daily_price/20260324.csv,52.4,54.51,56.36,54.5158,54.3189,0.0,-4.4527,-6.8716,-10.2787,52.5926,713118.15,0.6338,57.7,60.8,60.8,51.2,51.2,33.2,-5.5219,-8.6231,-5.532,-5.1895,-10.7452,-15.2961,-15.2961,0.5859,55.1205
20260325,2607,榮運,TWSE,52.3,52.3,51.5,52.0,390915.0,,,data/daily_price/20260325.csv,52.04,54.335,56.27,54.6704,54.1256,0.9709,-3.3457,-6.3063,-9.4077,55.4559,694746.7,0.5627,57.7,60.8,60.8,51.2,51.2,33.2,-4.2974,-7.5884,-4.8846,-3.9272,-9.8787,-14.4737,-14.4737,1.5625,56.6265
20260326,2607,榮運,TWSE,52.3,52.3,51.2,51.2,391863.0,,,data/daily_price/20260326.csv,51.7,54.095,56.1767,54.8183,53.8818,-1.5385,-3.2136,-8.5714,-9.8592,53.0643,684581.95,0.5724,57.7,60.8,60.8,51.2,51.2,33.7,-5.3517,-8.859,-6.6006,-4.9773,-11.2652,-15.7895,-15.7895,0.0,51.9288
20260327,2607,榮運,TWSE,51.2,51.5,51.0,51.4,328314.0,,,data/daily_price/20260327.csv,51.52,53.87,56.0717,54.9546,53.675,0.3906,-1.7208,-8.0501,-10.9185,46.6476,663763.6,0.4946,57.7,60.8,60.8,51.0,51.0,34.25,-4.5851,-8.3316,-6.4682,-4.2385,-10.9185,-15.4605,-15.4605,0.7843,50.073
20260330,2607,榮運,TWSE,50.4,51.2,50.4,51.0,441013.0,,,data/daily_price/20260330.csv,51.42,53.57,55.955,55.0879,53.4521,-0.7782,-0.9709,-10.5263,-12.069,45.7143,653819.3,0.6745,57.7,60.8,60.8,50.4,50.4,34.25,-4.7975,-8.8553,-7.4207,-4.5875,-11.6118,-16.1184,-16.1184,1.1905,48.9051
20260331,2607,榮運,TWSE,50.8,51.3,50.5,50.5,375785.0,,,data/daily_price/20260331.csv,51.22,53.25,55.8383,55.2154,53.2061,-0.9804,-1.9417,-11.2478,-12.1739,43.4659,650191.2,0.578,57.2,60.8,60.8,50.4,50.4,34.25,-5.1643,-9.5603,-8.54,-5.0861,-11.7133,-16.9408,-16.9408,0.1984,47.4453
20260401,2607,榮運,TWSE,51.0,52.1,50.8,52.0,638404.0,,,data/daily_price/20260401.csv,51.22,53.115,55.7383,55.3538,53.1056,2.9703,0.0,-4.936,-10.3448,46.8927,620570.2,1.0287,56.1,59.2,60.8,50.4,50.4,34.25,-2.0992,-6.7069,-6.0588,-2.0819,-7.3084,-12.1622,-14.4737,3.1746,51.8248
20260402,2607,榮運,TWSE,52.0,52.1,51.4,51.5,252981.0,,,data/daily_price/20260402.csv,51.28,52.96,55.6167,55.4925,52.9718,-0.9615,0.5859,-5.6777,-12.415,47.7762,606345.45,0.4172,56.1,59.2,60.8,50.4,50.4,34.25,-2.7568,-7.4019,-7.1947,-2.7784,-8.1996,-13.0068,-15.2961,2.1825,50.365
20260407,2607,榮運,TWSE,51.9,51.9,51.1,51.8,177214.0,,,data/daily_price/20260407.csv,51.36,52.75,55.5217,55.635,52.8741,0.5825,0.7782,-7.5,-9.913,49.2795,583275.75,0.3038,56.1,59.2,60.8,50.4,50.4,34.25,-1.8009,-6.7031,-6.8931,-2.0315,-7.6649,-12.5,-14.8026,2.7778,51.2409
20260408,2607,榮運,TWSE,52.4,52.4,51.3,51.5,476855.0,,,data/daily_price/20260408.csv,51.46,52.58,55.4167,55.7779,52.7596,-0.5792,0.9804,-6.1931,-10.8997,49.9272,560279.1,0.8511,56.1,59.2,60.8,50.4,50.4,34.25,-2.054,-7.0677,-7.6696,-2.3875,-8.1996,-13.0068,-15.2961,2.1825,50.365
20260409,2607,榮運,TWSE,51.6,51.6,51.0,51.0,336558.0,,,data/daily_price/20260409.csv,51.56,52.4,55.305,55.9133,52.613,-0.9709,0.9901,-6.5934,-11.6118,46.7626,541454.9,0.6216,55.5,59.2,60.8,50.4,50.4,34.55,-2.6718,-7.7841,-8.7874,-3.0658,-8.1081,-13.8514,-16.1184,1.1905,47.6122
20260410,2607,榮運,TWSE,51.2,51.2,50.5,51.0,650772.0,,,data/daily_price/20260410.csv,51.36,52.185,55.2117,56.0488,52.4786,0.0,-1.9231,-7.7758,-9.894,46.7626,558934.65,1.1643,55.2,59.2,60.8,50.4,50.4,34.8,-2.2708,-7.6282,-9.0078,-2.8175,-7.6087,-13.8514,-16.1184,1.1905,46.5517
20260413,2607,榮運,TWSE,51.0,51.0,50.5,50.5,498909.0,,,data/daily_price/20260413.csv,51.16,51.96,55.1,56.1767,52.3137,-0.9804,-1.9417,-8.1818,-11.7133,43.67,559217.05,0.8922,55.2,59.2,60.8,50.4,50.4,34.95,-2.8099,-8.3485,-10.105,-3.467,-8.5145,-14.6959,-16.9408,0.1984,44.4921
20260414,2607,榮運,TWSE,50.9,50.9,50.4,50.7,566816.0,,,data/daily_price/20260414.csv,50.94,51.81,54.995,56.3075,52.1792,0.396,-2.1236,-5.5866,-11.0526,44.8571,486970.05,1.164,54.7,59.2,60.8,50.4,50.4,50.4,-2.1424,-7.8098,-9.9587,-2.8349,-7.3126,-14.3581,-16.6118,0.5952,0.5952
20260415,2607,榮運,TWSE,51.0,51.1,50.6,50.7,731755.0,,,data/daily_price/20260415.csv,50.78,51.635,54.8767,56.2383,52.056,0.0,-1.5534,-6.4576,-12.2837,-14.0678,491186.65,1.4898,54.7,59.2,60.8,50.4,50.4,50.4,-1.8108,-7.611,-9.848,-2.6048,-7.3126,-14.3581,-16.6118,0.5952,0.5952
20260416,2607,榮運,TWSE,51.0,51.0,50.2,50.4,667349.0,,,data/daily_price/20260416.csv,50.66,51.46,54.76,56.1908,51.918,-0.5917,-1.1765,-6.4935,-12.1951,-10.1604,502140.8,1.329,54.4,59.2,60.8,50.2,50.2,50.2,-2.0599,-7.962,-10.3057,-2.9238,-7.3529,-14.8649,-17.1053,0.3984,0.3984
20260417,2607,榮運,TWSE,50.9,50.9,50.0,50.3,518659.0,,,data/daily_price/20260417.csv,50.52,51.285,54.6383,56.1517,51.7831,-0.1984,-1.3725,-6.5056,-12.6736,-8.5455,501802.25,1.0336,53.5,59.2,60.8,50.0,50.0,50.0,-1.9206,-7.9401,-10.4212,-2.8641,-5.9813,-15.0338,-17.2697,0.6,0.6
20260420,2607,榮運,TWSE,50.5,50.5,49.85,50.0,667800.0,,,data/daily_price/20260420.csv,50.42,51.14,54.5067,56.0983,51.6345,-0.5964,-0.9901,-5.482,-13.6442,-11.3475,491277.55,1.3593,53.0,59.2,60.8,49.85,49.85,49.85,-2.2292,-8.2681,-10.8708,-3.1656,-5.6604,-15.5405,-17.7632,0.3009,0.3009
20260421,2607,榮運,TWSE,50.4,50.4,49.95,50.2,457480.0,,,data/daily_price/20260421.csv,50.32,51.035,54.385,56.0283,51.515,0.4,-0.9862,-4.0153,-12.6957,-14.3345,481936.9,0.9493,52.4,59.2,60.8,49.85,49.85,49.85,-1.6361,-7.6951,-10.4025,-2.5526,-4.1985,-15.2027,-17.4342,0.7021,0.7021
20260422,2607,榮運,TWSE,50.4,50.4,49.5,49.85,703214.0,,,data/daily_price/20260422.csv,50.15,50.9525,54.2442,55.9496,51.3762,-0.6972,-1.6765,-3.2039,-14.494,-15.9359,486230.5,1.4463,52.4,59.2,60.8,49.5,49.5,49.5,-2.1638,-8.1007,-10.9019,-2.9707,-4.8664,-15.7939,-18.0099,0.7071,0.7071
20260423,2607,榮運,TWSE,50.0,50.0,48.7,48.85,1215492.0,,,data/daily_price/20260423.csv,49.84,50.82,54.0833,55.8825,51.1657,-2.006,-3.0754,-5.1456,-16.4957,-14.1476,524407.4,2.3178,52.4,59.2,60.8,48.7,48.7,48.7,-3.8764,-9.6764,-12.5844,-4.5259,-6.7748,-17.4831,-19.6546,0.308,0.308
20260424,2607,榮運,TWSE,48.85,48.95,48.1,48.3,558766.0,,,data/daily_price/20260424.csv,49.44,50.635,53.925,55.815,50.9269,-1.1259,-3.9761,-7.1154,-16.436,-14.3617,532799.95,1.0487,52.4,59.2,60.8,48.1,48.1,48.1,-4.6114,-10.4312,-13.4641,-5.1582,-7.8244,-18.4122,-20.5592,0.4158,0.4158
20260427,2607,榮運,TWSE,48.1,48.1,47.45,47.9,640194.0,,,data/daily_price/20260427.csv,49.02,50.47,53.7633,55.7408,50.6747,-0.8282,-4.2,-6.4453,-16.8403,-15.669,545216.5,1.1742,52.4,59.2,60.8,47.45,47.45,47.45,-5.0921,-10.9058,-14.0666,-5.4755,-8.5878,-19.0878,-21.2171,0.9484,0.9484
20260428,2607,榮運,TWSE,48.0,48.3,47.55,48.2,422664.0,,,data/daily_price/20260428.csv,48.62,50.31,53.595,55.67,50.4684,0.6263,-3.9841,-6.2257,-17.3242,-14.9912,549934.0,0.7686,52.4,59.2,60.8,47.45,47.45,47.45,-4.194,-10.0662,-13.4184,-4.4948,-8.0153,-18.5811,-20.7237,1.5806,1.5806
20260429,2607,榮運,TWSE,48.5,48.5,47.8,48.35,383883.0,,,data/daily_price/20260429.csv,48.32,50.1775,53.4242,55.5962,50.2919,0.3112,-3.009,-5.1961,-17.4915,-15.472,547077.5,0.7017,52.4,59.2,60.8,47.45,47.45,47.45,-3.6421,-9.4979,-13.0337,-3.8613,-7.729,-18.3277,-20.477,1.8967,1.8967
20260430,2607,榮運,TWSE,48.5,48.5,47.45,47.45,511349.0,,,data/daily_price/20260430.csv,48.04,50.025,53.23,55.5125,50.0551,-1.8614,-2.8659,-6.0396,-19.7124,-17.4783,553855.7,0.9233,52.4,59.1,60.8,47.45,47.45,47.45,-5.1474,-10.8585,-14.5238,-5.2044,-9.4466,-19.7124,-21.9572,0.0,0.0
20260504,2607,榮運,TWSE,47.6,48.0,47.0,47.0,619131.0,,,data/daily_price/20260504.csv,47.78,49.775,53.05,55.4175,49.8005,-0.9484,-2.6915,-9.6154,-18.6851,-19.5205,552892.05,1.1198,52.4,57.8,60.8,47.0,47.0,47.0,-5.5751,-11.4043,-15.1892,-5.6234,-10.3053,-18.6851,-22.6974,0.0,0.0
20260505,2607,榮運,TWSE,47.0,47.5,46.8,47.25,486107.0,,,data/daily_price/20260505.csv,47.65,49.5625,52.8792,55.3229,49.588,0.5319,-1.357,-8.2524,-17.8261,-19.3686,564548.35,0.8611,52.4,57.7,60.8,46.8,46.8,46.8,-4.6658,-10.6453,-14.5924,-4.7148,-9.8282,-18.1109,-22.2862,0.9615,0.9615
20260506,2607,榮運,TWSE,47.8,47.8,47.2,47.5,387978.0,,,data/daily_price/20260506.csv,47.51,49.3475,52.7208,55.2412,49.414,0.5291,-1.4523,-8.3012,-16.6667,-17.103,575086.55,0.6746,52.4,57.7,60.8,46.8,46.8,46.8,-3.7439,-9.9028,-14.0135,-3.8733,-9.3511,-17.6776,-21.875,1.4957,1.4957
20260507,2607,榮運,TWSE,47.75,48.15,47.5,48.0,496872.0,,,data/daily_price/20260507.csv,47.44,49.1725,52.5708,55.1612,49.2961,1.0526,-0.7239,-6.7961,-15.7895,-16.6667,576087.4,0.8625,51.6,57.7,60.8,46.8,46.8,46.8,-2.3845,-8.6946,-12.9824,-2.6293,-6.9767,-16.8111,-21.0526,2.5641,2.5641
20260508,2607,榮運,TWSE,48.25,48.25,47.7,47.9,206116.0,,,data/daily_price/20260508.csv,47.53,49.0175,52.4192,55.0796,49.1798,-0.2083,0.9484,-6.0784,-15.9649,-16.9844,569565.3,0.3619,51.2,57.7,60.8,46.8,46.8,46.8,-2.2798,-8.6212,-13.0349,-2.6023,-6.4453,-16.9844,-21.2171,2.3504,2.3504
20260511,2607,榮運,TWSE,47.95,48.4,47.75,48.4,370048.0,,,data/daily_price/20260511.csv,47.81,48.8875,52.2842,55.0013,49.1148,1.0438,2.9787,-5.098,-14.3363,-16.263,555529.1,0.6661,51.1,57.7,60.8,46.8,46.8,46.8,-0.9972,-7.429,-12.002,-1.4554,-5.2838,-16.1179,-20.3947,3.4188,3.4188
20260512,2607,榮運,TWSE,48.5,48.55,47.85,47.85,543589.0,,,data/daily_price/20260512.csv,47.93,48.755,52.1467,54.9067,49.0094,-1.1364,1.2698,-5.2475,-14.7059,-19.1723,557763.1,0.9746,51.1,57.7,60.8,46.8,46.8,46.8,-1.8562,-8.2396,-12.8521,-2.3657,-6.3601,-17.0711,-21.2993,2.2436,2.2436
20260513,2607,榮運,TWSE,47.85,47.85,47.0,47.25,791714.0,,,data/daily_price/20260513.csv,47.88,48.5825,51.9975,54.8129,48.8628,-1.2539,-0.5263,-6.8047,-15.9253,-19.2308,569008.0,1.3914,51.1,57.7,60.8,46.8,46.8,46.8,-2.7428,-9.1302,-13.7977,-3.3006,-7.5342,-18.1109,-22.2862,0.9615,0.9615
20260514,2607,榮運,TWSE,47.25,47.4,47.0,47.0,593633.0,,,data/daily_price/20260514.csv,47.68,48.3975,51.8392,54.7262,48.7076,-0.5291,-2.0833,-7.2978,-16.8142,-18.1185,562101.9,1.0561,51.0,57.7,60.8,46.8,46.8,46.8,-2.8875,-9.335,-14.118,-3.5057,-7.8431,-18.5442,-22.6974,0.4274,0.4274
20260515,2607,榮運,TWSE,47.0,47.35,46.45,46.45,668520.0,,,data/daily_price/20260515.csv,47.39,48.2,51.6767,54.6417,48.5194,-1.1702,-3.0271,-7.8373,-17.3488,-17.9329,562160.45,1.1892,50.9,57.7,60.8,46.45,46.45,46.45,-3.6307,-10.1142,-14.9916,-4.2651,-8.7426,-19.4974,-23.602,0.0,0.0
20260518,2607,榮運,TWSE,46.7,47.25,46.0,47.1,1240445.0,,,data/daily_price/20260518.csv,47.13,48.04,51.5283,54.5592,48.4011,1.3994,-2.686,-6.3618,-15.8929,-17.3684,598249.75,2.0735,50.5,57.7,60.8,46.0,46.0,46.0,-1.9567,-8.594,-13.6717,-2.6882,-6.7327,-18.3709,-22.5329,2.3913,2.3913
20260519,2607,榮運,TWSE,47.05,47.75,47.05,47.5,962717.0,,,data/daily_price/20260519.csv,47.06,47.915,51.3867,54.4775,48.326,0.8493,-0.7315,-5.0,-15.1786,-17.103,612995.6,1.5705,50.4,57.7,60.8,46.0,46.0,46.0,-0.8661,-7.5636,-12.808,-1.7093,-5.754,-17.6776,-21.875,3.2609,3.2609
20260520,2607,榮運,TWSE,47.9,48.1,47.15,47.35,618537.0,,,data/daily_price/20260520.csv,47.08,47.7725,51.2408,54.3962,48.2447,-0.3158,0.2116,-5.6773,-15.5971,-17.0753,621048.45,0.996,50.4,57.7,60.8,46.0,46.0,46.0,-0.8844,-7.5932,-12.9536,-1.8545,-6.0516,-17.9376,-22.1217,2.9348,2.9348
20260521,2607,榮運,TWSE,47.55,47.8,47.2,47.75,449494.0,,,data/daily_price/20260521.csv,47.23,47.6675,51.1067,54.3183,48.2035,0.8448,1.5957,-4.2126,-14.4265,-16.3748,608362.45,0.7389,50.0,57.7,60.8,46.0,46.0,46.0,0.1731,-6.568,-12.0923,-0.9408,-4.5,-17.2444,-21.4638,3.8043,3.8043
20260522,2607,榮運,TWSE,47.8,48.2,47.45,47.9,537063.0,25673294.0,TWSE_RWD_JSON_MI_INDEX,data/daily_price/daily_price_20260522.csv,47.52,47.62,50.9833,54.2492,48.1782,0.3141,3.1216,-1.9447,-13.3816,-14.7687,574441.0,0.9349,48.95,57.7,60.8,46.0,46.0,46.0,0.588,-6.0477,-11.7037,-0.5774,-2.145,-16.9844,-21.2171,4.1304,4.1304
20260525,2607,榮運,TWSE,48.15,48.9,47.9,48.5,704557.0,34074218.0,TWSE_RWD_JSON_MI_INDEX,data/daily_price/daily_price_20260525.csv,47.8,47.63,50.8667,54.1783,48.205,1.2526,2.9724,0.4141,-12.6126,-14.9123,581730.55,1.2111,48.9,57.7,60.8,46.0,46.0,46.0,1.8266,-4.6527,-10.4808,0.612,-0.818,-15.9445,-20.2303,5.4348,5.4348
20260526,2607,榮運,TWSE,48.55,48.8,47.75,48.0,613029.0,29412226.0,TWSE_RWD_JSON_MI_INDEX,data/daily_price/daily_price_20260526.csv,47.9,47.635,50.7333,54.095,48.1879,-1.0309,1.0526,0.2088,-14.2857,-17.2414,580372.3,1.0563,48.9,57.7,60.8,46.0,46.0,46.0,0.7662,-5.3876,-11.2672,-0.39,-1.8405,-16.8111,-21.0526,4.3478,4.3478
20260527,2607,榮運,TWSE,48.3,48.3,47.2,47.3,958151.0,45517297.0,TWSE_RWD_JSON_MI_INDEX,data/daily_price/daily_price_20260527.csv,47.89,47.59,50.59,54.0092,48.1139,-1.4583,-0.1056,-1.8672,-15.3846,-17.8819,607146.65,1.5781,48.9,57.7,60.8,46.0,46.0,46.0,-0.6094,-6.5033,-12.4223,-1.6917,-3.272,-18.0243,-22.2039,2.8261,2.8261
20260528,2607,榮運,TWSE,47.5,47.7,47.2,47.3,995513.0,47199949.0,TWSE_RWD_JSON_MI_INDEX,data/daily_price/daily_price_20260528.csv,47.8,47.5375,50.4283,53.9217,48.0461,0.0,-0.9424,-2.1717,-17.0175,-18.1661,637728.15,1.561,48.9,57.7,60.8,46.0,46.0,46.0,-0.4996,-6.2035,-12.2802,-1.5529,-3.272,-18.0243,-22.2039,2.8261,2.8261
20260529,2607,榮運,TWSE,47.5,48.1,47.4,47.6,1071285.0,51210671.0,TWSE_RWD_JSON_MI_INDEX,data/daily_price/daily_price_20260529.csv,47.74,47.545,50.2733,53.8333,48.0089,0.6342,-0.6263,0.3161,-16.3445,-18.2131,665724.95,1.6092,48.9,57.2,60.8,46.0,46.0,46.0,0.1157,-5.3176,-11.5789,-0.8518,-2.6585,-16.7832,-21.7105,3.4783,3.4783
20260601,2607,榮運,TWSE,48.0,48.6,47.7,48.55,814686.0,39401767.0,TWSE_RWD_JSON_MI_INDEX,data/daily_price/daily_price_20260601.csv,47.75,47.6225,50.1708,53.7454,48.054,1.9958,0.1031,3.2979,-11.2431,-17.8511,675502.7,1.206,48.9,56.1,60.8,46.0,46.0,46.0,1.9476,-3.2306,-9.6667,1.0321,-0.7157,-13.4581,-20.148,5.5435,5.5435
20260602,2607,榮運,TWSE,48.45,48.75,48.1,48.65,483714.0,23482505.0,TWSE_RWD_JSON_MI_INDEX,data/daily_price/daily_price_20260602.csv,47.88,47.6925,50.0717,53.665,48.1037,0.206,1.3542,2.963,-10.8974,-16.5523,675383.05,0.7162,48.9,56.1,60.8,46.0,46.0,46.0,2.0077,-2.8393,-9.345,1.1357,-0.5112,-13.2799,-19.9836,5.7609,5.7609
20260603,2607,榮運,TWSE,48.85,49.95,48.65,49.5,965597.0,47578675.0,TWSE_RWD_JSON_MI_INDEX,data/daily_price/daily_price_20260603.csv,48.32,47.7925,49.9633,53.5917,48.22,1.7472,4.6512,4.2105,-11.6071,-15.0943,704264.0,1.3711,49.95,56.1,60.8,46.0,46.0,46.0,3.5727,-0.9273,-7.6349,2.6544,-0.9009,-11.7647,-18.5855,7.6087,7.6087
20260604,2607,榮運,TWSE,49.7,49.85,49.25,49.3,575738.0,28432345.0,TWSE_RWD_JSON_MI_INDEX,data/daily_price/daily_price_20260604.csv,48.72,47.8575,49.87,53.5175,48.31,-0.404,4.2283,2.7083,-10.2004,-15.2921,708207.3,0.813,49.95,56.1,60.8,46.0,46.0,46.0,3.0142,-1.143,-7.8806,2.0492,-1.3013,-12.1212,-18.9145,7.1739,7.1739
20260605,2607,榮運,TWSE,49.55,49.55,49.15,49.4,467651.0,23074605.0,TWSE_RWD_JSON_MI_INDEX,data/daily_price/daily_price_20260605.csv,49.08,47.9325,49.7833,53.4383,48.4009,0.2028,3.7815,3.1315,-9.5238,-16.129,721284.05,0.6484,49.95,55.5,60.8,46.0,46.0,46.0,3.0616,-0.77,-7.557,2.0643,-1.1011,-10.991,-18.75,7.3913,7.3913
20260608,2607,榮運,TWSE,47.9,48.95,47.6,48.6,786642.0,38175216.0,TWSE_RWD_JSON_MI_INDEX,data/daily_price/daily_price_20260608.csv,49.09,47.9425,49.6717,53.3567,48.4175,-1.6194,0.103,0.4132,-12.1157,-16.7808,742113.75,1.06,49.95,55.2,60.8,46.0,46.0,46.0,1.3714,-2.1575,-8.9148,0.377,-2.7027,-11.9565,-20.0658,5.6522,5.6522
20260609,2607,榮運,TWSE,48.5,49.4,48.5,49.4,600863.0,29499130.0,TWSE_RWD_JSON_MI_INDEX,data/daily_price/daily_price_20260609.csv,49.24,48.02,49.5783,53.28,48.4993,1.6461,1.5416,3.2393,-10.1818,-15.6997,744977.45,0.8066,49.95,55.2,60.8,46.0,46.0,46.0,2.8738,-0.3597,-7.2823,1.8571,-1.1011,-10.5072,-18.75,7.3913,7.3913
20260610,2607,榮運,TWSE,49.35,49.5,48.9,49.4,446671.0,21990443.0,TWSE_RWD_JSON_MI_INDEX,data/daily_price/daily_price_20260610.csv,49.22,48.1275,49.5067,53.2042,48.5744,0.0,-0.202,4.5503,-8.0074,-15.5556,727725.3,0.6138,49.95,54.7,60.8,46.0,46.0,46.0,2.644,-0.2155,-7.1501,1.6997,-1.1011,-9.6892,-18.75,7.3913,7.3913
20260611,2607,榮運,TWSE,49.7,49.7,49.05,49.7,475746.0,23538549.0,TWSE_RWD_JSON_MI_INDEX,data/daily_price/daily_price_20260611.csv,49.3,48.2625,49.4317,53.1358,48.6682,0.6073,0.8114,5.7447,-8.3026,-14.1623,721830.95,0.6591,49.95,54.7,60.8,46.0,46.0,46.0,2.9785,0.5428,-6.4661,2.1201,-0.5005,-9.1408,-18.2566,8.0435,8.0435
20260612,2607,榮運,TWSE,50.0,50.1,49.6,49.75,509623.0,25388887.0,TWSE_RWD_JSON_MI_INDEX,data/daily_price/daily_price_20260612.csv,49.37,48.4275,49.3625,53.0704,48.7583,0.1006,0.7085,7.1044,-7.6994,-13.6285,713886.1,0.7139,50.1,54.4,60.8,46.0,46.0,46.0,2.7309,0.785,-6.2566,2.0338,-0.6986,-8.5478,-18.1743,8.1522,8.1522
20260615,2607,榮運,TWSE,50.3,50.3,49.75,50.1,445946.0,22328659.0,TWSE_RWD_JSON_MI_INDEX,data/daily_price/daily_price_20260615.csv,49.67,48.5775,49.3008,53.0071,48.8702,0.7035,3.0864,6.3694,-6.8773,-13.1716,674161.15,0.6615,50.3,53.5,60.8,47.05,46.0,46.0,3.1342,1.621,-5.4843,2.5166,-0.3976,-6.3551,-17.5987,8.913,8.913
20260616,2607,榮運,TWSE,50.4,50.4,49.3,49.6,560902.0,27921356.0,TWSE_RWD_JSON_MI_INDEX,data/daily_price/daily_price_20260616.csv,49.71,48.6825,49.2458,52.9388,48.931,-0.998,0.4049,4.4211,-6.2382,-14.1869,654070.4,0.8576,50.4,53.0,60.8,47.15,46.0,46.0,1.8847,0.7192,-6.3068,1.3673,-1.5873,-6.4151,-18.4211,7.8261,7.8261
20260617,2607,榮運,TWSE,49.5,50.1,49.25,50.0,390360.0,19437338.0,TWSE_RWD_JSON_MI_INDEX,data/daily_price/daily_price_20260617.csv,49.83,48.815,49.2075,52.8788,49.0201,0.8065,1.2146,5.5966,-4.3977,-12.5874,642661.55,0.6074,50.4,52.4,60.8,47.2,46.0,46.0,2.4275,1.6105,-5.4441,1.9991,-0.7937,-4.5802,-17.7632,8.6957,8.6957
20260618,2607,榮運,TWSE,50.0,50.2,49.55,49.55,688395.0,34327748.0,TWSE_RWD_JSON_MI_INDEX,data/daily_price/daily_price_20260618.csv,49.8,48.905,49.175,52.8167,49.0642,-0.9,-0.3018,3.7696,-3.7864,-13.0702,654606.6,1.0516,50.4,52.4,60.8,47.2,46.0,46.0,1.3189,0.7626,-6.1849,0.9901,-1.6865,-5.4389,-18.5033,7.7174,7.7174
20260622,2607,榮運,TWSE,49.55,49.65,49.25,49.55,376002.0,18569515.0,TWSE_RWD_JSON_MI_INDEX,data/daily_price/daily_price_20260622.csv,49.76,48.9875,49.1425,52.7512,49.1047,0.0,-0.402,3.4447,-3.7864,-13.676,646553.55,0.5815,50.4,52.4,60.8,47.2,46.0,46.0,1.1483,0.8292,-6.0686,0.9068,-1.6865,-5.4389,-18.5033,7.7174,7.7174
20260623,2607,榮運,TWSE,49.65,49.65,49.1,49.2,332454.0,16367190.0,TWSE_RWD_JSON_MI_INDEX,data/daily_price/daily_price_20260623.csv,49.58,49.0225,49.0958,52.6829,49.1126,-0.7064,-1.7964,1.4433,-5.3846,-14.2857,627948.4,0.5294,50.4,52.4,60.8,47.2,46.0,46.0,0.3621,0.2122,-6.6111,0.1779,-2.381,-6.1069,-19.0789,6.9565,6.9565
20260624,2607,榮運,TWSE,49.1,49.3,48.85,48.95,637819.0,31246111.0,TWSE_RWD_JSON_MI_INDEX,data/daily_price/daily_price_20260624.csv,49.45,49.07,49.0583,52.6175,49.0991,-0.5081,-1.3105,1.9792,-4.3945,-13.8204,629187.9,1.0137,50.4,52.4,60.8,47.2,46.0,46.0,-0.2445,-0.2208,-6.9701,-0.3036,-2.877,-6.584,-19.4901,6.413,6.413
20260625,2607,榮運,TWSE,49.0,49.8,49.0,49.6,375385.0,18564210.0,TWSE_RWD_JSON_MI_INDEX,data/daily_price/daily_price_20260625.csv,49.37,49.185,49.0283,52.55,49.1408,1.3279,-0.8,4.8626,-3.5019,-14.0381,600049.6,0.6256,50.4,52.4,60.8,47.2,46.0,46.0,0.8438,1.166,-5.6137,0.9344,-1.5873,-5.3435,-18.4211,7.8261,7.8261
20260626,2607,榮運,TWSE,49.25,49.5,48.45,48.45,644024.0,31378696.0,TWSE_RWD_JSON_MI_INDEX,data/daily_price/daily_price_20260626.csv,49.15,49.2425,48.9858,52.4704,49.0833,-2.3185,-2.22,2.4313,-5.0,-16.4655,582475.15,1.1057,50.4,52.4,60.8,47.4,46.0,46.0,-1.6094,-1.0939,-7.6623,-1.2902,-3.869,-7.5382,-20.3125,5.3261,5.3261
