date,open,high,low,close,volume,ma5,ema23,ma20,ma60,ma120,return_1d,return_5d,return_20d,volume_ratio,distance_to_ema23_pct,distance_to_ma20_pct,distance_to_high_60_pct
20250903,83.3,84.4,83.3,84.4,130554.0,84.56,82.4995,82.31,80.6183,81.7096,0.8363,-0.1183,4.4554,0.4828,2.3036,2.5392,-1.9744
20250904,84.6,85.0,84.5,84.9,141355.0,84.54,82.6996,82.49,80.6233,81.74,0.5924,-0.1176,4.428,0.5285,2.6608,2.9216,-1.3937
20250905,84.4,85.0,84.0,84.5,190568.0,84.34,82.8496,82.67,80.6333,81.766,-0.4711,-1.1696,4.4499,0.7137,1.992,2.2136,-1.8583
20250909,84.6,85.1,84.2,85.0,286674.0,84.5,83.0288,82.895,80.6517,81.7963,0.5917,0.9501,5.5901,1.0679,2.3741,2.5394,-1.2776
20250910,85.0,85.4,84.8,85.1,208035.0,84.78,83.2014,83.12,80.6633,81.8269,0.1176,1.6726,5.5831,0.7631,2.2819,2.3821,-1.1614
20250911,85.0,85.4,84.6,84.8,224391.0,84.86,83.3346,83.35,80.6583,81.8541,-0.3525,0.4739,5.7357,0.8153,1.7584,1.7397,-0.9346
20250917,87.5,89.0,87.5,88.5,785532.0,85.58,83.7651,83.75,80.72,81.9145,4.3632,4.2403,9.9379,2.5502,5.6526,5.6716,-0.5618
20250918,89.5,89.5,88.5,89.2,583894.0,86.52,84.218,84.185,80.8117,81.9802,0.791,5.5621,10.8075,1.7558,5.9156,5.9571,-0.3352
20250919,90.0,96.8,90.0,95.6,5008929.0,88.64,85.1665,84.92,81.1283,82.1018,7.1749,12.4706,18.1706,8.7346,12.2507,12.5765,-1.2397
20250922,98.8,103.0,98.5,99.8,12409148.0,91.58,86.3859,85.865,81.5,82.2584,4.3933,17.2738,23.3622,10.4589,15.5281,16.229,-3.1068
20250923,98.6,98.6,95.2,97.0,3993524.0,94.02,87.2704,86.675,81.82,82.3877,-2.8056,14.3868,20.0495,2.9023,11.1487,11.9123,-5.8252
20250924,96.9,99.3,95.1,97.3,4333408.0,95.78,88.1062,87.48,82.1517,82.5174,0.3093,9.9435,19.8276,2.7377,10.4349,11.2254,-5.534
20250925,97.0,97.5,93.6,94.3,2624813.0,96.8,88.6224,88.04,82.4183,82.619,-3.0832,5.7175,13.4777,1.5689,6.4065,7.1104,-8.4466
20250926,94.1,96.2,93.6,94.0,2279969.0,96.48,89.0705,88.55,82.685,82.7162,-0.3181,-1.6736,12.1718,1.2923,5.5344,6.1547,-8.7379
20250930,94.4,97.0,93.6,97.0,1255107.0,95.92,89.7313,89.215,82.9917,82.8373,3.1915,-2.8056,15.8901,0.6958,8.1005,8.7261,-5.8252
20251001,97.6,100.0,95.6,96.5,3593747.0,95.82,90.2954,89.815,83.29,82.9521,-0.5155,-0.5155,14.2012,1.8281,6.8715,7.4431,-6.3107
20251002,98.0,98.4,96.5,97.4,1260685.0,95.84,90.8874,90.435,83.5933,83.0725,0.9326,0.1028,14.5882,0.628,7.1655,7.7017,-5.4369
20251003,97.4,99.0,97.0,98.1,1708726.0,96.6,91.4885,91.065,83.9183,83.22,0.7187,4.0297,14.7368,0.8239,7.2266,7.7253,-4.7573
20251007,99.0,100.5,97.6,99.5,3415969.0,97.7,92.1561,91.83,84.2817,83.3992,1.4271,5.8511,18.171,1.5316,7.969,8.3524,-3.3981
20251008,99.8,101.5,98.5,100.5,3232130.0,98.4,92.8514,92.67,84.665,83.6392,1.005,3.6082,20.0717,1.3561,8.2374,8.4493,-2.4272
20251009,102.0,105.5,101.0,102.0,5231273.0,99.5,93.6138,93.55,85.0767,83.8325,1.4925,5.6995,20.8531,1.9827,8.9583,9.0326,-3.3175
20251013,98.1,102.5,98.1,102.0,2294969.0,100.42,94.3127,94.405,85.485,84.0183,0.0,4.7228,20.1413,0.8357,8.1509,8.0451,-3.3175
20251014,103.0,103.5,99.5,100.5,3309736.0,100.9,94.8283,95.205,85.86,84.175,-1.4706,2.4465,18.9349,1.1405,5.9811,5.5617,-4.7393
20251016,104.5,106.0,103.0,103.5,2464054.0,101.7,95.5509,96.13,86.2883,84.3625,2.9851,4.0201,21.7647,0.8184,8.3192,7.6667,-2.3585
20251020,107.0,115.5,106.0,115.5,11738865.0,104.7,97.2133,97.65,86.9133,84.6525,11.5942,14.9254,35.7227,3.2722,18.8109,18.2796,0.0
20251021,116.0,119.0,110.0,113.5,19926381.0,107.0,98.5706,99.085,87.4917,84.9267,-1.7316,11.2745,33.8443,4.3578,15.1459,14.5481,-4.6218
20251022,112.5,119.0,111.0,117.5,8632563.0,110.1,100.148,100.535,88.1267,85.2367,3.5242,15.1961,32.7684,1.7387,17.3263,16.8747,-1.2605
20251023,117.5,126.5,116.5,119.5,21809000.0,113.9,101.7607,102.05,88.79,85.57,1.7021,18.9055,33.9686,3.6191,17.4324,17.0995,-5.5336
20251027,123.0,125.0,116.5,118.0,14602841.0,116.8,103.114,103.17,89.4233,85.8783,-1.2552,14.0097,23.431,2.2446,14.4365,14.3743,-6.7194
20251028,118.5,119.5,115.0,119.0,5572164.0,117.5,104.4378,104.13,90.1,86.19,0.8475,3.0303,19.2385,0.904,13.9434,14.2802,-5.9289
20251029,120.5,121.0,115.0,115.5,5072347.0,117.9,105.3596,105.055,90.6967,86.4708,-2.9412,1.7621,19.0722,0.8158,9.6245,9.9424,-8.6957
20251030,115.5,117.5,112.5,114.5,3897939.0,117.3,106.1213,105.915,91.2733,86.7358,-0.8658,-2.5532,17.6773,0.6291,7.8954,8.1056,-9.4862
20251031,115.0,115.5,111.5,114.0,2873453.0,116.2,106.7779,106.9,91.8433,86.9917,-0.4367,-4.6025,20.8908,0.4628,6.7637,6.6417,-9.8814
20251103,113.5,115.5,112.0,113.0,2538822.0,115.2,107.2964,107.85,92.395,87.2375,-0.8772,-4.2373,20.2128,0.4081,5.3157,4.7752,-10.6719
20251104,114.0,116.0,113.5,114.5,2540851.0,114.3,107.8967,108.725,92.9783,87.4917,1.3274,-3.7815,18.0412,0.4042,6.12,5.3116,-9.4862
20251105,113.0,115.5,112.5,114.5,2929611.0,114.1,108.447,109.625,93.5567,87.7558,0.0,-0.8658,18.6528,0.4685,5.5816,4.447,-9.4862
20251106,115.5,116.0,110.0,114.5,3841606.0,114.1,108.9514,110.48,94.13,88.0183,0.0,0.0,17.5565,0.602,5.0927,3.6387,-9.4862
20251107,114.0,114.0,107.5,108.0,3284338.0,112.9,108.8721,110.975,94.6017,88.2275,-5.6769,-5.2632,10.0917,0.5084,-0.801,-2.6808,-14.6245
20251110,107.0,107.5,102.0,103.0,3189492.0,110.9,108.3828,111.15,94.9867,88.3858,-4.6296,-8.8496,3.5176,0.4946,-4.9664,-7.3324,-18.5771
20251111,104.0,109.5,104.0,106.5,3447546.0,109.3,108.2259,111.45,95.4167,88.5675,3.3981,-6.9869,5.9701,0.5337,-1.5947,-4.4415,-15.8103
20251112,107.0,108.0,104.5,106.5,1698803.0,107.7,108.082,111.675,95.845,88.7458,0.0,-6.9869,4.4118,0.2704,-1.4637,-4.634,-15.8103
20251113,106.5,111.5,106.0,109.5,6985764.0,106.7,108.2002,112.05,96.315,88.95,2.8169,-4.3668,7.3529,1.0718,1.2013,-2.2758,-13.4387
20251114,107.0,111.0,105.0,105.5,3842321.0,106.2,107.9752,112.3,96.725,89.115,-3.653,-2.3148,4.9751,0.5871,-2.2924,-6.0552,-16.6008
20251117,106.0,106.0,101.5,102.0,2067338.0,106.0,107.4773,112.225,97.0833,89.25,-3.3175,-0.9709,-1.4493,0.3169,-5.0962,-9.1112,-19.3676
20251118,101.0,103.0,99.9,100.0,2254237.0,104.7,106.8542,111.45,97.4067,89.3683,-1.9608,-6.1033,-13.4199,0.3726,-6.4145,-10.2737,-20.9486
20251119,101.0,103.5,99.3,103.0,2021684.0,104.0,106.533,110.925,97.7867,89.5158,3.0,-3.2864,-9.2511,0.3922,-3.3163,-7.1445,-18.5771
20251120,110.0,113.0,110.0,113.0,2912364.0,104.7,107.0719,110.7,98.3283,89.7442,9.7087,3.1963,-3.8298,0.5981,5.5366,2.0777,-10.6719
20251121,112.0,113.5,105.0,105.5,15985515.0,104.7,106.9409,110.0,98.745,89.91,-6.6372,0.0,-11.7155,3.4918,-1.3474,-4.0909,-16.6008
20251124,108.0,109.0,104.5,105.5,4200262.0,105.4,106.8208,109.375,99.155,90.0808,0.0,3.4314,-10.5932,1.0351,-1.2365,-3.5429,-16.6008
20251125,106.5,107.5,103.0,104.0,2934383.0,106.2,106.5858,108.625,99.54,90.2375,-1.4218,4.0,-12.605,0.7474,-2.426,-4.2578,-17.7866
20251126,104.0,105.0,103.5,105.0,1390152.0,106.6,106.4536,108.1,99.9433,90.4075,0.9615,1.9417,-9.0909,0.3715,-1.3655,-2.8677,-16.996
20251127,104.5,107.0,104.5,106.5,1967491.0,105.3,106.4575,107.7,100.365,90.5875,1.4286,-5.7522,-6.9869,0.5397,0.0399,-1.1142,-15.8103
20251128,108.0,109.0,105.0,105.0,1938737.0,105.2,106.336,107.25,100.73,90.7483,-1.4085,-0.4739,-7.8947,0.5388,-1.2564,-2.0979,-16.996
20251201,105.5,105.5,102.0,102.5,1090362.0,104.6,106.0164,106.725,101.0417,90.8975,-2.381,-2.8436,-9.292,0.3092,-3.3168,-3.9588,-18.9723
20251202,103.0,103.5,101.0,101.5,1207220.0,104.1,105.64,106.075,101.3383,91.0383,-0.9756,-2.4038,-11.3537,0.349,-3.919,-4.313,-19.7628
20251203,102.5,104.5,102.5,103.0,1055918.0,103.7,105.42,105.5,101.6467,91.1825,1.4778,-1.9048,-10.0437,0.3137,-2.2956,-2.3697,-18.5771
20251204,103.5,104.5,103.0,103.5,694585.0,103.1,105.26,104.95,101.955,91.3308,0.4854,-2.8169,-9.607,0.2165,-1.672,-1.3816,-18.1818
20251205,103.5,104.0,102.5,103.5,710191.0,102.8,105.1133,104.725,102.255,91.4775,0.0,-1.4286,-4.1667,0.2306,-1.5348,-1.1697,-18.1818
20251208,104.5,105.0,103.5,105.0,931291.0,103.3,105.1039,104.825,102.6017,91.6375,1.4493,2.439,1.9417,0.3139,-0.0988,0.1669,-16.996
20251209,106.0,107.0,105.0,106.0,1580599.0,104.2,105.1786,104.8,102.9733,91.8058,0.9524,4.4335,-0.4695,0.5501,0.781,1.145,-16.2055
20251210,106.0,108.5,106.0,108.0,3066879.0,105.2,105.4137,104.875,103.3667,91.9925,1.8868,4.8544,1.4085,1.0425,2.4535,2.9797,-14.6245
20251211,108.5,109.0,104.5,104.5,1937001.0,105.4,105.3375,104.625,103.6933,92.1583,-3.2407,0.9662,-4.5662,0.7202,-0.7951,-0.1195,-17.3913
20251212,105.5,106.0,101.5,103.0,1588671.0,105.3,105.1427,104.5,104.0017,92.3175,-1.4354,-0.4831,-2.3697,0.6165,-2.0379,-1.4354,-18.5771
20251215,104.0,104.0,101.0,102.0,1152870.0,104.7,104.8808,104.5,104.285,92.4683,-0.9709,-2.8571,0.0,0.4555,-2.7468,-2.3923,-19.3676
20251216,100.5,101.0,99.1,100.5,1492974.0,103.6,104.5158,104.525,104.5417,92.6025,-1.4706,-5.1887,0.5,0.5989,-3.8423,-3.8508,-20.5534
20251217,101.0,101.5,100.0,100.5,444114.0,102.1,104.1811,104.4,104.8033,92.7308,0.0,-6.9444,-2.4272,0.184,-3.5334,-3.7356,-20.5534
20251218,100.0,101.5,99.8,100.0,518406.0,101.2,103.8327,103.75,104.995,92.8575,-0.4975,-4.3062,-11.5044,0.2259,-3.6912,-3.6145,-20.9486
20251219,101.0,102.0,100.0,100.0,1037129.0,100.6,103.5133,103.475,105.175,92.9933,0.0,-2.9126,-5.2133,0.6704,-3.3941,-3.3583,-20.9486
20251222,101.0,102.0,100.5,102.0,446608.0,100.6,103.3872,103.3,105.2817,93.205,2.0,0.0,-3.3175,0.3286,-1.3418,-1.2585,-19.3676
20251223,102.5,102.5,100.5,101.0,507820.0,100.7,103.1883,103.15,105.3017,93.4008,-0.9804,0.4975,-2.8846,0.4102,-2.1207,-2.0843,-20.1581
20251224,102.0,103.5,99.7,99.8,1217192.0,100.56,102.9059,102.89,105.3483,93.5842,-1.1881,-0.6965,-4.9524,0.9901,-3.0182,-3.0032,-21.1067
20251226,100.5,101.0,99.6,100.5,518288.0,100.66,102.7054,102.59,105.4017,93.7767,0.7014,0.5,-5.6338,0.448,-2.1473,-2.0372,-20.5534
20251229,100.5,101.0,99.6,100.0,690453.0,100.66,102.48,102.34,105.4967,93.9575,-0.4975,0.0,-4.7619,0.6309,-2.42,-2.2865,-20.9486
20251230,100.0,100.5,99.5,100.0,557693.0,100.26,102.2733,102.215,105.5967,94.1408,0.0,-1.9608,-2.439,0.5223,-2.2228,-2.167,-20.9486
20251231,100.5,102.5,100.0,102.0,916248.0,100.46,102.2505,102.24,105.68,94.3358,2.0,0.9901,0.4926,0.8699,-0.245,-0.2347,-19.3676
20260102,102.5,107.0,102.5,106.0,2776161.0,101.7,102.563,102.39,105.8383,94.5642,3.9216,6.2124,2.9126,2.4368,3.3511,3.5257,-16.2055
20260105,108.0,108.0,103.5,104.0,2054721.0,102.4,102.6827,102.415,105.9483,94.7708,-1.8868,3.4826,0.4831,1.702,1.2828,1.5476,-17.7866
20260106,104.5,106.0,103.0,106.0,1201638.0,103.6,102.9592,102.54,106.08,94.9992,1.9231,6.0,2.4155,0.9755,2.9534,3.3743,-16.2055
20260107,107.0,108.0,105.0,106.0,1188663.0,104.8,103.2126,102.59,106.1883,95.235,0.0,6.0,0.9524,0.955,2.7007,3.3239,-16.2055
20260108,105.5,105.5,103.0,104.5,1143306.0,105.3,103.3199,102.515,106.255,95.46,-1.4151,2.451,-1.4151,0.935,1.1422,1.9363,-17.3913
20260109,104.5,104.5,102.0,104.0,981706.0,104.9,103.3765,102.315,106.2883,95.6825,-0.4785,-1.8868,-3.7037,0.8776,0.6031,1.6469,-17.7866
20260112,104.0,106.0,103.5,105.0,1008087.0,105.1,103.5118,102.34,106.3383,95.9117,0.9615,0.9615,0.4785,0.9403,1.4377,2.5992,-16.996
20260113,105.5,106.5,103.0,106.5,1880286.0,105.2,103.7608,102.515,106.4383,96.1492,1.4286,0.4717,3.3981,1.7302,2.6399,3.8872,-15.8103
20260114,107.5,110.0,106.5,107.0,6706196.0,105.4,104.0308,102.765,106.4967,96.3925,0.4695,0.9434,4.902,4.9152,2.8542,4.1211,-15.415
20260115,108.0,109.0,105.0,105.5,2262353.0,105.6,104.1532,103.015,106.33,96.6217,-1.4019,0.9569,4.9751,1.6127,1.2931,2.4123,-16.6008
20260116,106.0,107.0,103.5,106.0,1826152.0,106.0,104.3071,103.29,106.205,96.8483,0.4739,1.9231,5.4726,1.2406,1.623,2.6237,-16.2055
20260119,106.0,110.0,105.0,109.0,3593519.0,106.8,104.6982,103.74,106.0633,97.095,2.8302,3.8095,9.0,2.2104,4.1088,5.0704,-13.834
20260120,109.0,109.0,105.0,106.0,2054823.0,106.7,104.8067,104.04,105.8383,97.3142,-2.7523,-0.4695,6.0,1.2256,1.1386,1.8839,-15.2
20260121,105.0,105.5,103.0,105.5,1501372.0,106.4,104.8644,104.215,105.63,97.5267,-0.4717,-1.4019,3.4314,0.8682,0.6061,1.233,-12.8099
20260122,107.5,113.5,107.5,111.0,6701640.0,107.5,105.3757,104.715,105.4967,97.7983,5.2133,5.2133,9.901,3.2867,5.3373,6.002,-8.2645
20260123,112.0,112.0,107.0,108.5,2978410.0,108.0,105.6361,105.15,105.38,98.0383,-2.2523,2.3585,8.7174,1.4002,2.7111,3.1859,-7.6596
20260126,109.5,110.0,106.5,108.0,1614835.0,107.8,105.8331,105.525,105.2717,98.2725,-0.4608,-0.9174,7.4627,0.7401,2.0475,2.3454,-6.8966
20260127,108.0,108.5,106.5,108.0,1121982.0,108.2,106.0137,105.925,105.1717,98.5075,0.0,1.8868,8.0,0.5092,1.8737,1.9589,-6.8966
20260128,108.5,109.0,105.5,107.0,1282772.0,108.5,106.0959,106.275,105.0717,98.7333,-0.9259,1.4218,7.0,0.5727,0.8522,0.6822,-7.7586
20260129,107.0,107.0,104.0,104.5,1329420.0,107.2,105.9629,106.4,104.905,98.9417,-2.3364,-5.8559,2.451,0.5881,-1.3805,-1.7857,-9.9138
20260130,103.5,104.5,101.5,104.5,1251723.0,106.4,105.841,106.325,104.7383,99.1475,0.0,-3.6866,-1.4151,0.5731,-1.267,-1.7164,-9.9138
20260202,103.5,103.5,100.0,102.0,1379676.0,105.2,105.5209,106.225,104.53,99.33,-2.3923,-5.5556,-1.9231,0.6416,-3.3367,-3.9774,-10.5263
20260203,103.0,104.0,102.0,103.5,854251.0,104.3,105.3525,106.1,104.455,99.5283,1.4706,-4.1667,-2.3585,0.4005,-1.7584,-2.4505,-8.8106
20260204,103.5,105.0,102.5,104.5,610307.0,103.8,105.2814,106.025,104.48,99.7333,0.9662,-2.3364,-1.4151,0.2901,-0.7422,-1.4383,-7.9295
20260205,103.0,105.0,102.5,104.0,673754.0,103.7,105.1747,106.0,104.4383,99.9275,-0.4785,-0.4785,-0.4785,0.3238,-1.1169,-1.8868,-8.37
20260206,103.0,103.5,101.0,103.0,886892.0,103.4,104.9934,105.95,104.38,100.1125,-0.9615,-1.4354,-0.9615,0.4272,-1.8986,-2.7843,-9.2511
20260209,105.5,106.5,103.0,104.5,1395417.0,103.9,104.9523,105.925,104.2967,100.3058,1.4563,2.451,-0.4762,0.666,-0.431,-1.3453,-7.9295
20260210,105.0,106.0,104.5,105.5,522450.0,104.3,104.998,105.875,104.2967,100.5108,0.9569,1.9324,-0.939,0.2577,0.4782,-0.3542,-7.0485
20260211,105.0,105.5,103.0,104.5,730411.0,104.3,104.9565,105.75,104.3383,100.7108,-0.9479,0.0,-2.3364,0.4225,-0.4349,-1.182,-7.9295
20260223,108.0,114.5,108.0,114.5,6600310.0,106.4,105.7518,106.2,104.58,100.9933,9.5694,10.0962,8.5308,3.3926,8.2724,7.8154,0.0
20260224,114.5,119.5,114.0,118.0,6475987.0,109.4,106.7724,106.8,104.83,101.3083,3.0568,14.5631,11.3208,2.9734,10.5154,10.4869,-1.2552
20260225,119.5,120.5,115.5,120.0,4524068.0,112.5,107.8747,107.35,104.9467,101.6375,1.6949,14.8325,10.0917,2.0337,11.2401,11.7839,-0.4149
20260226,120.0,120.0,117.5,119.0,1759767.0,115.2,108.8018,108.0,105.1717,101.9583,-0.8333,12.7962,12.2642,0.7964,9.3731,10.1852,-1.2448
20260302,113.5,117.0,113.5,115.0,2053995.0,117.3,109.3184,108.475,105.33,102.2425,-3.3613,10.0478,9.0047,0.918,5.1973,6.0152,-4.5643
20260303,114.0,117.0,112.0,113.5,1997339.0,117.1,109.6668,108.6,105.4883,102.5142,-1.3043,-0.8734,2.2523,0.9976,3.4953,4.512,-5.8091
20260304,111.0,111.5,104.0,105.5,2832572.0,114.6,109.3196,108.45,105.4967,102.72,-7.0485,-10.5932,-2.765,1.4199,-3.494,-2.7201,-12.4481
20260305,108.5,110.0,107.0,109.0,1600628.0,112.4,109.293,108.5,105.5383,102.9517,3.3175,-9.1667,0.9259,0.8026,-0.268,0.4608,-9.5436
20260306,107.5,110.5,107.0,109.5,864949.0,110.5,109.3102,108.575,105.6133,103.1717,0.4587,-7.9832,1.3889,0.4365,0.1736,0.8519,-9.1286
20260309,102.5,104.0,101.0,103.0,2072461.0,108.1,108.7844,108.375,105.6217,103.3317,-5.9361,-10.4348,-3.7383,1.0256,-5.3173,-4.9596,-14.5228
20260310,106.0,107.0,104.0,105.0,1205198.0,106.4,108.469,108.4,105.68,103.5092,1.9417,-7.489,0.4785,0.5982,-3.1981,-3.1365,-12.8631
20260311,106.0,107.5,106.0,106.5,1106089.0,106.6,108.3049,108.5,105.7383,103.6925,1.4286,0.9479,1.9139,0.551,-1.6665,-1.8433,-11.6183
20260312,106.5,107.0,104.5,105.5,934455.0,105.9,108.0712,108.675,105.7717,103.8633,-0.939,-3.211,3.4314,0.4707,-2.3791,-2.9216,-12.4481
20260313,104.0,108.5,103.5,108.0,866748.0,105.6,108.0652,108.9,105.8467,104.0508,2.3697,-1.3699,4.3478,0.4365,-0.0604,-0.8264,-10.3734
20260316,109.5,109.5,106.5,108.0,778481.0,106.6,108.0598,109.075,105.8967,104.2492,0.0,4.8544,3.3493,0.3904,-0.0553,-0.9856,-10.3734
20260317,109.0,113.5,108.5,113.0,2408474.0,108.2,108.4715,109.525,106.0133,104.4933,4.6296,7.619,8.6538,1.1575,4.1748,3.1728,-6.2241
20260318,114.5,119.0,112.0,118.0,3905407.0,110.5,109.2655,110.275,106.18,104.7733,4.4248,10.7981,14.5631,1.7499,7.9938,7.0052,-2.0747
20260319,116.0,125.5,115.0,121.5,5788644.0,113.7,110.2851,111.125,106.4633,105.0783,2.9661,15.1659,16.2679,2.3613,10.169,9.3363,-3.1873
20260320,123.5,125.0,118.0,119.0,4324643.0,115.9,111.0113,111.8,106.73,105.3658,-2.0576,10.1852,12.7962,1.6372,7.1963,6.4401,-5.1793
20260323,114.5,122.5,113.5,120.0,3188466.0,118.3,111.7604,112.575,107.03,105.6575,0.8403,11.1111,14.8325,1.1534,7.3726,6.5956,-4.3825
20260324,125.0,128.5,118.0,121.5,7641758.0,120.0,112.572,112.925,107.38,105.9608,1.25,7.5221,6.1135,2.7132,7.9309,7.5935,-5.4475
20260325,133.5,133.5,133.5,133.5,4068935.0,123.1,114.316,113.7,107.93,106.3667,9.8765,13.1356,13.1356,1.5092,16.7815,17.4142,0.0
20260326,146.5,146.5,146.5,146.5,3198780.0,128.1,116.998,115.025,108.705,106.85,9.7378,20.5761,22.0833,1.2163,25.2158,27.3636,0.0
20260327,138.0,157.5,134.0,151.0,28955721.0,134.5,119.8315,116.625,109.555,107.365,3.0717,26.8908,26.8908,7.2576,26.0103,29.4748,-4.127
20260330,150.5,151.5,138.5,147.0,9699961.0,139.9,122.0955,118.225,110.305,107.7933,-2.649,22.5,27.8261,2.2187,20.3975,24.3392,-6.6667
20260331,143.5,144.5,136.5,137.5,7326045.0,143.1,123.3793,119.425,110.9133,108.1075,-6.4626,13.1687,21.1454,1.5794,11.445,15.135,-12.6984
20260401,146.0,148.0,140.5,142.0,5160829.0,144.8,124.931,121.25,111.6167,108.4825,3.2727,6.367,34.5972,1.0854,13.6628,17.1134,-9.8413
20260402,142.5,144.0,137.0,138.5,3611648.0,143.2,126.0617,122.725,112.25,108.8258,-2.4648,-5.4608,27.0642,0.7438,9.8668,12.8539,-12.0635
20260407,142.0,152.0,138.0,152.0,8157481.0,143.4,128.2233,124.85,113.1167,109.3067,9.7473,0.6623,38.8128,1.5627,18.5432,21.7461,-3.4921
20260408,167.0,167.0,156.0,167.0,17023593.0,147.4,131.4546,128.05,114.2333,109.915,9.8684,13.6054,62.1359,2.8527,27.04,30.4178,0.0
20260409,170.0,183.5,167.0,183.5,18721744.0,156.6,135.7918,131.975,115.5917,110.6358,9.8802,33.4545,74.7619,2.7357,35.1334,39.0415,0.0
20260410,186.5,201.5,186.5,194.0,16945482.0,167.0,140.6424,136.35,117.0583,111.4483,5.7221,36.6197,82.1596,2.2193,37.9384,42.2809,-3.7221
20260413,203.5,213.0,198.0,213.0,11287748.0,181.9,146.6722,141.725,118.875,112.4117,9.7938,53.7906,101.8957,1.3845,45.2218,50.2911,0.0
20260414,234.0,234.0,219.5,229.5,22225109.0,197.4,153.5746,147.8,120.9333,113.5067,7.7465,50.9868,112.5,2.4103,49.4388,55.2774,-1.9231
20260415,228.0,229.0,222.5,223.0,3592180.0,208.6,159.36,153.55,122.8833,114.5358,-2.8322,33.5329,106.4815,0.3837,39.9347,45.2296,-4.7009
20260416,228.0,245.0,226.0,240.5,4504617.0,220.0,166.1217,159.925,125.15,115.7025,7.8475,31.0627,112.8319,0.4759,44.7734,50.383,-1.8367
20260417,235.0,237.5,230.0,233.5,3079140.0,227.9,171.7365,165.7,127.3083,116.7983,-2.9106,20.3608,97.8814,0.3267,35.9641,40.9173,-4.6939
20260420,234.5,236.0,228.5,234.0,3052426.0,232.1,176.9252,171.325,129.4583,117.8983,0.2141,9.8592,92.5926,0.3286,32.2593,36.5825,-4.4898
20260421,240.0,257.0,240.0,255.0,4381841.0,237.2,183.4314,178.125,131.9333,119.1858,8.9744,11.1111,114.2857,0.4716,39.0166,43.1579,-0.7782
20260422,259.0,271.0,245.0,248.0,2721510.0,242.2,188.8121,184.525,134.2833,120.39,-2.7451,11.2108,106.6667,0.2937,31.3475,34.3991,-8.4871
20260423,252.0,253.0,223.5,223.5,5011329.0,238.8,191.7028,189.625,136.25,121.29,-9.879,-7.0686,83.9506,0.5485,16.5867,17.8642,-17.5277
20260424,230.0,230.0,201.5,216.0,4707969.0,235.3,193.7275,193.75,138.0833,122.1442,-3.3557,-7.4946,61.7978,0.5135,11.4968,11.4839,-20.2952
20260427,217.5,218.0,205.0,218.0,2388177.0,232.1,195.7502,197.325,139.9,122.9817,0.9259,-6.8376,48.8055,0.2616,11.3664,10.4776,-19.5572
20260428,218.0,238.5,218.0,234.0,3191893.0,227.9,198.9377,201.475,142.0333,123.9358,7.3394,-8.2353,54.9669,0.4072,17.6247,16.1434,-13.6531
20260429,228.0,250.5,212.5,236.0,15639491.0,225.5,202.0262,205.925,144.2083,124.9192,0.8547,-4.8387,60.5442,1.9221,16.8165,14.6048,-12.9151
20260430,233.5,233.5,212.5,212.5,17109724.0,223.3,202.8991,209.675,145.9,125.6983,-9.9576,-4.9217,54.5455,1.9836,4.7319,1.3473,-21.5867
20260504,215.0,233.5,202.0,226.0,16422071.0,225.3,204.8241,213.875,147.8583,126.6192,6.3529,4.6296,59.1549,1.7872,10.3386,5.6692,-16.6052
20260505,230.0,248.5,230.0,248.5,12836155.0,231.4,208.4638,219.375,150.2,127.7358,9.9558,13.9908,79.4224,1.3302,19.2054,13.2764,-8.3026
20260506,273.0,273.0,260.0,273.0,21608419.0,239.2,213.8418,225.425,152.95,129.0608,9.8592,16.6667,79.6053,2.0933,27.6645,21.1046,0.0
20260507,300.0,300.0,296.0,300.0,9326609.0,252.0,221.0217,232.075,156.1667,130.6192,9.8901,27.1186,79.6407,0.9385,35.7333,29.2686,0.0
20260508,313.5,330.0,297.0,330.0,22732968.0,275.5,230.1032,239.4,159.925,132.415,10.0,55.2941,79.8365,2.2423,43.4139,37.8446,0.0
20260511,329.0,351.5,311.0,329.5,31292625.0,296.2,238.3863,246.175,163.675,134.2067,-0.1515,45.7965,69.8454,2.8826,38.2211,33.8479,-6.2589
20260512,328.5,339.0,325.0,330.0,2669187.0,312.5,246.0207,252.025,167.475,136.0025,0.1517,32.7968,54.9296,0.256,34.135,30.9394,-6.1166
20260513,316.0,334.0,316.0,325.0,1645034.0,322.9,252.6023,256.8,171.1667,137.8108,-1.5152,19.0476,41.6122,0.1751,28.6607,26.5576,-7.5391
20260514,357.0,357.5,350.0,357.5,4517030.0,334.4,261.3438,263.525,175.3833,139.9317,10.0,19.1667,60.3139,0.4784,36.793,35.6608,0.0
20260515,360.0,383.0,323.0,327.0,2665374.0,333.8,266.8152,267.85,179.1,141.7692,-8.5315,-0.9091,35.9667,0.2851,22.5568,22.0833,-14.6214
20260518,348.0,359.5,340.0,359.5,2022392.0,339.8,274.5389,274.15,183.375,143.8775,9.9388,9.1047,53.9615,0.2175,30.9468,31.1326,-6.1358
20260519,386.0,386.0,360.0,365.0,1514422.0,346.8,282.0773,280.7,187.7167,146.0067,1.5299,10.6061,55.9829,0.1643,29.3971,30.0321,-5.4404
20260520,382.0,401.5,381.0,394.5,3249385.0,360.7,291.4459,287.675,192.5333,148.415,8.0822,21.3846,54.7059,0.3546,35.3596,37.1339,-1.7435
20260521,428.0,433.5,427.0,433.5,2080118.0,375.9,303.2837,296.95,198.0167,151.1775,9.8859,21.2587,74.7984,0.2278,42.9355,45.9842,0.0
20260522,460.0,476.5,460.0,476.5,1700070.0,405.8,317.7184,309.6,204.05,154.315,9.9193,45.7187,113.1991,0.1896,49.9756,53.9083,0.0
20260525,522.0,524.0,522.0,523.0,1786878.0,438.5,334.8252,324.95,210.8,157.815,9.7587,45.4798,142.1296,0.2026,56.2009,60.9478,-0.1908
20260526,523.0,570.0,471.0,570.0,3383416.0,479.5,354.4231,342.55,218.3,161.6233,8.9866,56.1644,161.4679,0.3815,60.8247,66.3991,0.0
20260527,599.0,620.0,596.0,608.0,1917131.0,522.2,375.5545,361.25,226.45,165.8108,6.6667,54.1191,159.8291,0.2177,61.8939,68.3045,-1.9355
20260528,608.0,635.0,585.0,605.0,2506943.0,556.5,394.675,379.7,234.6167,169.9733,-0.4934,39.5617,156.3559,0.3076,53.2907,59.3363,-4.7244
20260529,640.0,641.0,615.0,641.0,1558340.0,589.4,415.2021,401.125,243.4083,174.4483,5.9504,34.5226,201.6471,0.2114,54.3827,59.8006,0.0
20260601,671.0,699.0,665.0,672.0,1634588.0,619.2,436.6019,423.425,252.85,179.1733,4.8362,28.4895,197.3451,0.2465,53.916,58.7058,-3.8627
20260602,640.0,650.0,605.0,650.0,3276908.0,635.2,454.3851,443.5,261.8667,183.7025,-3.2738,14.0351,161.5694,0.5325,43.0505,46.5614,-7.01
20260603,638.0,650.0,628.0,640.0,1133009.0,641.6,469.853,461.85,270.7083,188.1608,-1.5385,5.2632,134.4322,0.2208,36.2128,38.5731,-8.4406
20260604,640.0,650.0,605.0,650.0,3276908.0,650.6,484.8652,479.35,279.825,192.7233,1.5625,7.438,116.6667,0.6787,34.0579,35.6003,-7.01
20260605,595.0,640.0,562.0,626.0,1633575.0,647.6,496.6265,494.15,288.5083,197.0942,-3.6923,-2.3401,89.697,0.4329,26.0505,26.6822,-10.4435
20260611,655.0,695.0,590.0,695.0,3544235.0,652.2,513.1576,512.425,298.3167,202.0275,11.0224,3.4226,110.9256,1.4856,35.436,35.6296,-0.5722
20260612,764.0,764.0,764.0,764.0,2566138.0,675.0,534.0611,534.125,309.2917,207.5317,9.9281,17.5385,131.5152,1.0779,43.0548,43.0377,0.0
20260615,840.0,840.0,840.0,840.0,2593202.0,715.0,559.556,559.875,321.4917,213.6692,9.9476,31.25,158.4615,1.068,50.119,50.0335,0.0
20260616,882.0,915.0,785.0,815.0,19549082.0,748.0,580.843,582.75,333.275,219.5858,-2.9762,25.3846,127.972,6.1483,40.3133,39.8541,-10.929
20260617,830.0,896.0,805.0,896.0,15854334.0,802.0,607.1061,611.2,346.325,226.1692,9.9387,43.131,174.0061,4.1298,47.5854,46.5969,-2.0765
